i t
0 38427667
1 40874565
2 41699979
3 43269125
4 42314702
5 49422507
6 49691081
7 49997189
8 50500653
9 54087062
10 55226853
11 55195643
12 58511672
13 59346324
14 62040277
15 63919236
16 65847605
17 68310655
18 69773209
19 71393754
20 73659924
21 75676946
22 78712021
23 80590848
24 82204158
25 83940441
26 86968117
27 88601597
28 90767973
29 94414708
30 95386115
31 97772144
32 99903424
33 102475545
34 104164105
35 106434764
36 109376644
37 110554009
38 113224002
39 115141704
40 117268256
41 119585922
42 121579096
43 122277119
44 123714024
45 125899935
46 126236427
47 127902833
48 127705479
49 128405247
50 128813530
51 127818291
52 129054844
53 126917779
54 126363743
55 124801887
56 123156614
57 122925774
58 120550378
59 118244133
60 116692470
61 114229431
62 112376828
63 111887418
64 108636726
65 106417616
66 104565541
67 102198512
68 101192002
69 99251006
70 95742373
71 93860384
72 92306337
73 89392886
74 87137213
75 85322645
76 84504517
77 80650017
78 78543382
79 76124547
80 74594633
81 72059899
82 69570524
83 67285990
84 65651091
85 64393487
86 61176659
87 58894000
88 56668026
89 54843726
90 52988696
91 50579922
92 48707467
93 46664413
94 44749094
95 42607309
96 40745465
97 39158754
98 38531022
99 37653084