i t
0 16018993
1 16217138
2 15060194
3 16085962
4 15314003
5 15113319
6 15427845
7 14985563
8 14904450
9 14888859
10 14948724
11 15000867
12 14991748
13 14869890
14 14978960
15 14946885
16 15000696
17 14938450
18 15334405
19 15452434
20 15541132
21 14884277
22 14802065
23 14520374
24 15037015
25 15433442
26 15298911
27 14896072
28 14800059
29 14881100
30 15049145
31 15271628
32 14777591
33 14868158
34 15149739
35 15060510
36 14686659
37 14816921
38 14785309
39 15052468
40 15131022
41 15179801
42 14984542
43 15016825
44 15246138
45 15052760
46 14862510
47 15059736
48 14850793
49 15037822
50 14895595
51 14837100
52 14993072
53 14836247
54 15050035
55 14960839
56 14928761
57 14837006
58 15338754
59 14957140
60 14950196
61 14908414
62 14905720
63 14905218
64 14894530
65 14860930
66 14887340
67 14889049
68 14833351
69 14907252
70 14862930
71 14873239
72 14880832
73 14894061
74 14862062
75 14873357
76 14999787
77 14867016
78 14879163
79 14844701
80 14859337
81 14845483
82 14874729
83 14891467
84 14866220
85 14870680
86 14867423
87 14899052
88 14877887
89 15259652
90 15929116
91 14638734
92 15202067
93 14124394
94 15908448
95 14513893
96 15635738
97 15276912
98 14972228
99 14982357