N t (f1)
50 271
52 282
54 293
56 304
58 315
60 326
62 343
64 348
66 358
68 380
70 381
72 403
74 424
76 437
78 444
80 442
82 453
84 464
86 471
88 430
90 421
92 420
94 459
96 465
98 453
100 463
102 472
104 480
106 491
108 499
110 507
112 517
114 524
116 534
118 538
120 512
122 495
124 481
126 466
128 474
130 480
132 487
134 495
136 503
138 509
140 516
142 540
144 577
146 537
148 545
150 552
152 560
154 648
156 623
158 580
160 589
162 595
164 616
166 675
168 617
170 624
172 632
174 676
176 646
178 652
180 660
182 839
184 709
186 702
188 736
190 747
192 710
194 718
196 756
198 732
200 775
202 791
204 753
206 772
208 847
210 794
212 780
214 864
216 799
218 850
220 865
222 862
224 829
226 857
228 832
230 888
232 1055
234 948
236 869
238 868
240 965
242 924
244 947
246 905
248 973
250 941
252 1057
254 964
256 1021
258 960
260 1007
262 976
264 1020
266 990
268 1036
270 1005
272 1041
274 1020
276 1005
278 1236
280 1020
282 1101
284 1055
286 1064
288 1117
290 1067
292 1098
294 1194
296 1116
298 1110
300 1161
302 1149
304 1133
306 1164
308 1220
310 1168
312 1143
314 1197
316 1219
318 1184
320 1172
322 1198
324 1290
326 1305
328 1298
330 1273
332 1302
334 1395
336 1362
338 1313
340 1348
342 1352
344 1343
346 1404
348 1359
350 1356
352 1406
354 1377
356 1390
358 1422
360 1423
362 1470
364 1402
366 1435
368 1406
370 1472
372 1461
374 1439
376 1479
378 1497
380 1636
382 1472
384 1473
386 1475
388 1511
390 1536
392 1544
394 1518
396 1516
398 1511
400 1575
402 1542
404 1585
406 1582
408 1674
410 1640
412 1621
414 1660
416 1658
418 1660
420 1589
422 1681
424 1689
426 1653
428 1919
430 2351
432 1994
434 2066
436 2130
438 2135
440 2175
442 2196
444 2251
446 2539
448 2344
450 2053
452 2016
454 1973
456 1767
458 1730
460 1805
462 1800
464 1823
466 2846
468 2149
470 2021
472 1983
474 1911
476 1904
478 2121
480 1947
482 1921
484 1917
486 1884
488 1848
490 1838
492 1854
494 1935
496 1823
498 1954
500 1839
N t (f2)
50 181
52 188
54 196
56 203
58 210
60 218
62 323
64 232
66 240
68 293
70 254
72 262
74 288
76 295
78 305
80 308
82 319
84 432
86 333
88 322
90 328
92 337
94 366
96 371
98 490
100 387
102 396
104 402
106 410
108 418
110 426
112 431
114 448
116 448
118 521
120 462
122 472
124 478
126 520
128 525
130 501
132 519
134 531
136 522
138 531
140 581
142 546
144 552
146 646
148 568
150 576
152 582
154 602
156 598
158 605
160 615
162 620
164 627
166 707
168 640
170 725
172 657
174 730
176 668
178 787
180 687
182 745
184 870
186 944
188 738
190 790
192 781
194 739
196 807
198 754
200 816
202 805
204 776
206 852
208 823
210 818
212 830
214 865
216 873
218 848
220 855
222 863
224 906
226 921
228 931
230 912
232 899
234 941
236 916
238 905
240 906
242 952
244 925
246 934
248 939
250 956
252 955
254 964
256 1034
258 1017
260 1020
262 1045
264 1082
266 1055
268 1052
270 1079
272 1100
274 1157
276 1091
278 1139
280 1232
282 1159
284 1194
286 1202
288 1227
290 1237
292 1234
294 1245
296 1230
298 1268
300 1377
302 1393
304 1666
306 1442
308 1508
310 1672
312 1589
314 1655
316 1720
318 1622
320 1672
322 1444
324 1385
326 1492
328 1479
330 1464
332 1436
334 1481
336 1444
338 1546
340 1730
342 1775
344 1743
346 1823
348 1847
350 1801
352 1847
354 1901
356 1869
358 1866
360 1836
362 1941
364 1901
366 1958
368 2132
370 2968
372 3258
374 2579
376 2268
378 2304
380 2261
382 2215
384 2168
386 2255
388 2004
390 2091
392 1832
394 1905
396 2074
398 1877
400 1747
402 1801
404 1790
406 1883
408 1792
410 1889
412 1823
414 1998
416 1900
418 2361
420 2230
422 2311
424 2184
426 2422
428 2435
430 2556
432 2383
434 3141
436 2498
438 2343
440 2255
442 2481
444 2503
446 2457
448 2190
450 2262
452 2175
454 2139
456 2041
458 2233
460 2123
462 2196
464 2126
466 2219
468 2213
470 2073
472 2195
474 2295
476 2181
478 2285
480 2305
482 2394
484 2292
486 2320
488 2249
490 2287
492 2113
494 2202
496 2133
498 2320
500 2269
