N t (col)
450 2023
451 1995
452 1961
453 1994
454 1964
455 1934
456 1945
457 1998
458 1991
459 2040
460 1962
461 2020
462 2011
463 2039
464 1958
465 2053
466 2033
467 2024
468 2009
469 2039
470 2043
471 2054
472 1970
473 2006
474 2073
475 2082
476 2013
477 2008
478 2078
479 2129
480 2144
481 2138
482 2123
483 2160
484 2061
485 2192
486 2151
487 2167
488 2060
489 2191
490 2154
491 2173
492 2105
493 2212
494 2177
495 2190
496 2164
497 2206
498 2193
499 2236
500 2133
501 2231
502 2220
503 2287
504 2154
505 2270
506 2268
507 2304
508 2685
509 2839
510 2637
511 2427
512 3187
513 2968
514 2364
515 2428
516 2335
517 2533
518 2399
519 2332
520 2306
521 2383
522 2262
523 2455
524 2348
525 2314
526 2219
527 2290
528 2183
529 2574
530 2420
531 2493
532 2597
533 2598
534 2725
535 2557
536 2304
537 2482
538 2413
539 2600
540 2725
541 2813
542 2496
543 2572
544 2418
545 2519
546 2530
547 2503
548 2439
549 2546
550 2532
551 2511
552 2400
553 2541
554 2555
555 2518
556 2450
557 2535
558 2525
559 2563
560 2425
561 2546
562 2570
563 2556
564 2526
565 3199
566 2577
567 2574
568 2497
569 2701
570 2587
571 2600
572 2541
573 2592
574 2618
575 2751
576 2565
577 2654
578 2640
579 2643
580 2656
581 2899
582 2797
583 2823
584 2584
585 3443
586 3241
587 2892
588 2660
589 2764
590 2768
591 2758
592 2648
593 2750
594 2760
595 2789
596 2739
597 2713
598 2730
599 2731
600 2658