N t (f2)
400 3
410 5
420 3
430 3
440 3
450 3
460 3
470 4
480 3
490 3
500 3
510 3
520 4
530 3
540 3
550 4
560 4
570 4
580 3
590 4
600 3
610 4
620 4
630 3
640 3
650 3
660 3
670 3
680 4
690 3
700 3
710 4
720 3
730 4
740 3
750 4
760 3
770 4
780 3
790 3
800 3
810 3
820 3
830 4
840 4
850 3
860 3
870 3
880 3
890 3
900 3
910 3
920 4
930 3
940 4
950 3
960 3
970 3
980 3
990 3
1000 4
1010 4
1020 3
1030 3
1040 3
1050 5
1060 4
1070 4
1080 3
1090 3
1100 3
1110 3
1120 3
1130 3
1140 4
1150 3
1160 3
1170 3
1180 3
1190 4
1200 4
