i t
0 192
1 214
2 335
3 214
4 213
5 212
6 193
7 215
8 212
9 213
10 215
11 213
12 216
13 218
14 219
15 215
16 216
17 214
18 219
19 261
20 214
21 213
22 214
23 215
24 214
25 217
26 212
27 213
28 194
29 213
30 213
31 212
32 214
33 214
34 214
35 215
36 297
37 213
38 214
39 213
40 211
41 213
42 212
43 212
44 216
45 212
46 213
47 212
48 213
49 220
50 216
51 216
52 213
53 214
54 214
55 215
56 214
57 216
58 214
59 216
60 212
61 213
62 214
63 213
64 212
65 213
66 211
67 196
68 213
69 212
70 217
71 213
72 192
73 192
74 214
75 213
76 214
77 276
78 214
79 213
80 211
81 218
82 214
83 213
84 216
85 192
86 214
87 213
88 211
89 213
90 213
91 214
92 214
93 358
94 214
95 406
96 215
97 216
98 215
99 189
100 215
101 215
102 191
103 214
104 214
105 213
106 213
107 214
108 214
109 210
110 217
111 212
112 213
113 392
114 215
115 217
116 214
117 213
118 214
119 213
120 213
121 214
122 216
123 213
124 211
125 213
126 214
127 214
128 213
129 214
130 214
131 212
132 213
133 374
134 213
135 211
136 211
137 213
138 215
139 213
140 213
141 192
142 211
143 205
144 212
145 210
146 211
147 212
148 213
149 212
150 211
151 212
152 213
153 212
154 213
155 212
156 214
157 206
158 213
159 211
160 213
161 213
162 217
163 215
164 215
165 212
166 210
167 211
168 213
169 215
170 212
171 211
172 214
173 213
174 212
175 214
176 213
177 211
178 212
179 213
180 210
181 214
182 213
183 214
184 261
185 213
186 214
187 214
188 212
189 213
190 212
191 211
192 213
193 212
194 217
195 192
196 214
197 211
198 215
199 211
200 212
201 212
202 299
203 214
204 213
205 211
206 214
207 213
208 215
209 217
210 213
211 212
212 215
213 212
214 213
215 212
216 212
217 213
218 213
219 213
220 407
221 214
222 213
223 213
224 213
225 213
226 214
227 215
228 213
229 214
230 213
231 215
232 220
233 153
234 212
235 215
236 213
237 211
238 213
239 214
240 190
241 403
242 213
243 209
244 211
245 212
246 212
247 216
248 212
249 212
250 212
251 214
252 217
253 213
254 212
255 210
256 215
257 215
258 212
259 213
260 216
261 213
262 213
263 191
264 213
265 211
266 212
267 217
268 215
269 213
270 210
271 212
272 215
273 216
274 215
275 214
276 213
277 214
278 211
279 207
280 213
281 212
282 215
283 211
284 212
285 214
286 211
287 213
288 211
289 216
290 213
291 216
292 212
293 192
294 216
295 213
296 214
297 212
298 213
299 212
300 213
301 216
302 211
303 211
304 216
305 211
306 210
307 215
308 213
309 213
310 212
311 215
312 212
313 214
314 213
315 212
316 212
317 199
318 214
319 215
320 193
321 212
322 214
323 212
324 211
325 210
326 214
327 211
328 213
329 211
330 213
331 216
332 215
333 210
334 217
335 215
336 214
337 213
338 191
339 211
340 213
341 212
342 212
343 211
344 210
345 216
346 211
347 213
348 211
349 213
350 280
351 393
352 212
353 212
354 215
355 213
356 210
357 213
358 213
359 215
360 211
361 214
362 214
363 214
364 192
365 358
366 320
367 214
368 218
369 214
370 214
371 211
372 213
373 213
374 212
375 213
376 213
377 211
378 213
379 210
380 214
381 176
382 214
383 213
384 338
385 193
386 357
387 212
388 211
389 214
390 213
391 211
392 216
393 214
394 214
395 213
396 214
397 214
398 215
399 192
400 216
401 213
402 211
403 214
404 212
405 212
406 213
407 212
408 212
409 212
410 211
411 210
412 212
413 210
414 213
415 212
416 215
417 214
418 214
419 214
420 211
421 215
422 215
423 211
424 212
425 212
426 213
427 212
428 213
429 213
430 210
431 210
432 215
433 214
434 212
435 212
436 212
437 217
438 213
439 211
440 212
441 213
442 213
443 214
444 213
445 192
446 213
447 215
448 212
449 190
450 212
451 196
452 213
453 212
454 218
455 215
456 214
457 216
458 214
459 213
460 212
461 214
462 210
463 215
464 211
465 153
466 211
467 212
468 211
469 218
470 213
471 193
472 212
473 213
474 218
475 212
476 212
477 214
478 211
479 212
480 212
481 213
482 212
483 214
484 214
485 205
486 214
487 212
488 212
489 215
490 214
491 213
492 214
493 212
494 215
495 212
496 212
497 212
498 213
499 211
500 212
501 215
502 215
503 212
504 216
505 215
506 214
507 213
508 212
509 211
510 213
511 213
512 212
513 211
514 213
515 212
516 194
517 215
518 360
519 213
520 215
521 211
522 214
523 213
524 214
525 211
526 215
527 213
528 213
529 213
530 213
531 330
532 210
533 218
534 211
535 214
536 217
537 213
538 211
539 214
540 215
541 210
542 191
543 213
544 194
545 213
546 215
547 192
548 214
549 214
550 357
551 213
552 407
553 215
554 213
555 212
556 209
557 212
558 215
559 214
560 215
561 212
562 212
563 214
564 214
565 212
566 215
567 213
568 217
569 216
570 208
571 216
572 213
573 211
574 212
575 215
576 214
577 213
578 212
579 211
580 213
581 210
582 215
583 213
584 212
585 212
586 211
587 214
588 191
589 212
590 212
591 211
592 215
593 214
594 214
595 212
596 215
597 212
598 213
599 212
600 209
601 213
602 212
603 215
604 211
605 213
606 212
607 214
608 214
609 211
610 194
611 213
612 212
613 213
614 192
615 212
616 212
617 213
618 214
619 213
620 215
621 214
622 213
623 213
624 208
625 216
626 212
627 215
628 214
629 212
630 213
631 212
632 212
633 194
634 217
635 212
636 212
637 210
638 214
639 213
640 211
641 214
642 212
643 212
644 211
645 190
646 213
647 213
648 214
649 216
650 216
651 213
652 213
653 212
654 213
655 192
656 205
657 212
658 213
659 213
660 213
661 213
662 213
663 213
664 215
665 212
666 211
667 214
668 214
669 211
670 217
671 214
672 213
673 192
674 215
675 213
676 212
677 216
678 214
679 211
680 210
681 212
682 211
683 212
684 190
685 212
686 213
687 211
688 214
689 213
690 215
691 213
692 212
693 212
694 211
695 209
696 213
697 212
698 212
699 216
700 335
701 213
702 212
703 212
704 214
705 214
706 192
707 213
708 212
709 212
710 191
711 214
712 214
713 213
714 211
715 212
716 214
717 214
718 306
719 278
720 203
721 404
722 215
723 213
724 212
725 213
726 212
727 211
728 212
729 212
730 212
731 189
732 215
733 212
734 215
735 210
736 215
737 209
738 212
739 212
740 212
741 211
742 214
743 212
744 212
745 213
746 213
747 215
748 213
749 191
750 215
751 212
752 212
753 212
754 213
755 213
756 213
757 213
758 212
759 212
760 211
761 214
762 215
763 212
764 212
765 214
766 211
767 215
768 213
769 214
770 213
771 217
772 212
773 211
774 213
775 212
776 214
777 212
778 206
779 214
780 212
781 215
782 214
783 213
784 214
785 212
786 211
787 211
788 215
789 214
790 213
791 213
792 211
793 213
794 211
795 213
796 208
797 212
798 212
799 215
800 212
801 212
802 211
803 215
804 213
805 214
806 212
807 191
808 211
809 214
810 212
811 212
812 213
813 212
814 212
815 214
816 214
817 212
818 213
819 213
820 212
821 214
822 213
823 215
824 191
825 213
826 212
827 217
828 212
829 215
830 211
831 212
832 214
833 214
834 214
835 214
836 194
837 213
838 213
839 216
840 212
841 213
842 213
843 213
844 215
845 212
846 217
847 211
848 215
849 212
850 214
851 213
852 212
853 214
854 211
855 211
856 210
857 214
858 214
859 211
860 215
861 213
862 213
863 212
864 214
865 213
866 211
867 284
868 214
869 215
870 214
871 213
872 216
873 215
874 216
875 214
876 213
877 214
878 214
879 213
880 214
881 210
882 214
883 212
884 215
885 213
886 303
887 212
888 391
889 214
890 213
891 213
892 214
893 215
894 214
895 213
896 213
897 214
898 215
899 213
900 212
901 213
902 209
903 190
904 213
905 213
906 212
907 217
908 214
909 214
910 212
911 213
912 215
913 213
914 212
915 213
916 193
917 217
918 216
919 214
920 213
921 213
922 212
923 191
924 216
925 217
926 193
927 214
928 214
929 211
930 214
931 211
932 212
933 213
934 213
935 212
936 215
937 196
938 212
939 212
940 214
941 211
942 205
943 213
944 213
945 214
946 213
947 216
948 212
949 212
950 212
951 213
952 191
953 215
954 214
955 214
956 192
957 215
958 212
959 215
960 210
961 213
962 214
963 212
964 213
965 212
966 212
967 213
968 211
969 214
970 213
971 189
972 211
973 218
974 211
975 211
976 205
977 211
978 212
979 215
980 211
981 215
982 213
983 212
984 213
985 215
986 212
987 214
988 212
989 214
990 213
991 211
992 213
993 215
994 211
995 216
996 212
997 214
998 214
999 215
1000 213
1001 215
1002 213
1003 213
1004 211
1005 213
1006 193
1007 212
1008 213
1009 211
1010 211
1011 211
1012 212
1013 212
1014 213
1015 212
1016 211
1017 212
1018 213
1019 213
1020 211
1021 214
1022 213
1023 216
1024 212
1025 214
1026 212
1027 214
1028 214
1029 213
1030 212
1031 211
1032 212
1033 211
1034 213
1035 144
1036 212
1037 211
1038 192
1039 216
1040 210
1041 215
1042 213
1043 213
1044 215
1045 213
1046 215
1047 217
1048 214
1049 214
1050 211
1051 216
1052 214
1053 213
1054 404
1055 214
1056 342
1057 214
1058 213
1059 212
1060 212
1061 210
1062 208
1063 215
1064 215
1065 213
1066 212
1067 211
1068 192
1069 214
1070 212
1071 212
1072 215
1073 212
1074 215
1075 192
1076 189
1077 213
1078 213
1079 191
1080 213
1081 215
1082 211
1083 212
1084 213
1085 212
1086 214
1087 213
1088 213
1089 213
1090 212
1091 203
1092 214
1093 213
1094 211
1095 211
1096 215
1097 211
1098 213
1099 211
1100 212
1101 193
1102 213
1103 215
1104 213
1105 213
1106 211
1107 212
1108 211
1109 207
1110 214
1111 212
1112 214
1113 214
1114 212
1115 215
1116 213
1117 212
1118 211
1119 215
1120 214
1121 214
1122 212
1123 211
1124 215
1125 212
1126 213
1127 214
1128 213
1129 215
1130 214
1131 212
1132 214
1133 214
1134 212
1135 196
1136 212
1137 214
1138 212
1139 212
1140 218
1141 210
1142 213
1143 213
1144 213
1145 212
1146 214
1147 211
1148 213
1149 211
1150 212
1151 215
1152 213
1153 215
1154 214
1155 211
1156 214
1157 211
1158 212
1159 212
1160 211
1161 214
1162 214
1163 214
1164 212
1165 212
1166 193
1167 212
1168 216
1169 212
1170 213
1171 214
1172 195
1173 213
1174 212
1175 191
1176 215
1177 214
1178 212
1179 191
1180 214
1181 214
1182 214
1183 213
1184 213
1185 213
1186 213
1187 215
1188 213
1189 211
1190 209
1191 192
1192 214
1193 211
1194 215
1195 213
1196 251
1197 214
1198 213
1199 212
1200 210
1201 214
1202 213
1203 212
1204 213
1205 334
1206 214
1207 212
1208 211
1209 212
1210 212
1211 211
1212 210
1213 214
1214 214
1215 213
1216 215
1217 212
1218 213
1219 213
1220 213
1221 211
1222 212
1223 410
1224 214
1225 212
1226 390
1227 212
1228 212
1229 212
1230 213
1231 212
1232 215
1233 211
1234 213
1235 190
1236 210
1237 205
1238 213
1239 215
1240 212
1241 213
1242 211
1243 212
1244 191
1245 214
1246 213
1247 210
1248 212
1249 193
1250 214
1251 213
1252 212
1253 212
1254 212
1255 187
1256 208
1257 206
1258 206
1259 207
1260 207
1261 208
1262 206
1263 209
1264 208
1265 325
1266 344
1267 209
1268 308
1269 210
1270 208
1271 208
1272 207
1273 210
1274 207
1275 207
1276 207
1277 208
1278 207
1279 213
1280 207
1281 208
1282 207
1283 207
1284 209
1285 206
1286 208
1287 209
1288 207
1289 209
1290 210
1291 208
1292 209
1293 210
1294 211
1295 208
1296 208
1297 209
1298 207
1299 207
1300 210
1301 207
1302 208
1303 210
1304 209
1305 210
1306 208
1307 210
1308 209
1309 207
1310 209
1311 209
1312 207
1313 208
1314 208
1315 208
1316 207
1317 206
1318 207
1319 208
1320 210
1321 207
1322 206
1323 209
1324 211
1325 208
1326 208
1327 206
1328 209
1329 208
1330 208
1331 186
1332 191
1333 208
1334 207
1335 209
1336 206
1337 204
1338 208
1339 210
1340 208
1341 207
1342 209
1343 207
1344 188
1345 210
1346 210
1347 210
1348 208
1349 208
1350 209
1351 206
1352 208
1353 187
1354 208
1355 209
1356 208
1357 209
1358 208
1359 482
1360 209
1361 208
1362 206
1363 207
1364 206
1365 209
1366 200
1367 208
1368 208
1369 209
1370 210
1371 333
1372 331
1373 402
1374 210
1375 212
1376 210
1377 209
1378 206
1379 207
1380 207
1381 208
1382 208
1383 211
1384 207
1385 209
1386 210
1387 208
1388 207
1389 207
1390 402
1391 210
1392 209
1393 301
1394 208
1395 209
1396 208
1397 209
1398 207
1399 210
1400 208
1401 207
1402 207
1403 207
1404 209
1405 208
1406 211
1407 210
1408 206
1409 208
1410 206
1411 206
1412 207
1413 207
1414 193
1415 205
1416 205
1417 211
1418 211
1419 188
1420 208
1421 207
1422 209
1423 209
1424 210
1425 207
1426 209
1427 207
1428 205
1429 207
1430 211
1431 207
1432 209
1433 208
1434 211
1435 208
1436 207
1437 209
1438 207
1439 207
1440 208
1441 214
1442 208
1443 207
1444 210
1445 188
1446 210
1447 209
1448 209
1449 209
1450 210
1451 210
1452 206
1453 209
1454 210
1455 209
1456 208
1457 207
1458 208
1459 210
1460 208
1461 210
1462 206
1463 208
1464 209
1465 206
1466 208
1467 208
1468 207
1469 207
1470 210
1471 210
1472 210
1473 208
1474 209
1475 207
1476 205
1477 211
1478 213
1479 231
1480 210
1481 210
1482 208
1483 204
1484 207
1485 208
1486 209
1487 208
1488 206
1489 212
1490 211
1491 207
1492 210
1493 208
1494 208
1495 208
1496 206
1497 207
1498 210
1499 207
1500 209
1501 208
1502 209
1503 209
1504 210
1505 209
1506 207
1507 206
1508 208
1509 211
1510 207
1511 208
1512 208
1513 208
1514 207
1515 211
1516 207
1517 208
1518 206
1519 209
1520 205
1521 208
1522 187
1523 208
1524 209
1525 208
1526 208
1527 323
1528 206
1529 207
1530 208
1531 209
1532 208
1533 209
1534 211
1535 209
1536 209
1537 209
1538 209
1539 207
1540 321
1541 324
1542 209
1543 210
1544 209
1545 209
1546 212
1547 210
1548 208
1549 211
1550 210
1551 209
1552 188
1553 287
1554 373
1555 210
1556 208
1557 209
1558 209
1559 406
1560 207
1561 349
1562 209
1563 206
1564 208
1565 210
1566 207
1567 208
1568 207
1569 207
1570 208
1571 210
1572 207
1573 208
1574 206
1575 208
1576 210
1577 212
1578 208
1579 209
1580 209
1581 208
1582 206
1583 207
1584 208
1585 207
1586 209
1587 208
1588 205
1589 206
1590 209
1591 210
1592 208
1593 207
1594 207
1595 205
1596 209
1597 207
1598 208
1599 209
1600 211
1601 209
1602 206
1603 208
1604 210
1605 208
1606 209
1607 207
1608 209
1609 206
1610 210
1611 208
1612 208
1613 207
1614 211
1615 207
1616 208
1617 210
1618 210
1619 206
1620 206
1621 212
1622 207
1623 207
1624 172
1625 209
1626 209
1627 205
1628 207
1629 206
1630 207
1631 209
1632 207
1633 209
1634 209
1635 211
1636 185
1637 207
1638 209
1639 210
1640 208
1641 207
1642 205
1643 206
1644 211
1645 210
1646 212
1647 208
1648 188
1649 209
1650 210
1651 204
1652 206
1653 204
1654 208
1655 207
1656 207
1657 209
1658 207
1659 207
1660 207
1661 204
1662 208
1663 206
1664 186
1665 208
1666 208
1667 211
1668 208
1669 206
1670 206
1671 208
1672 209
1673 210
1674 209
1675 209
1676 208
1677 175
1678 211
1679 208
1680 206
1681 206
1682 211
1683 208
1684 208
1685 207
1686 207
1687 212
1688 207
1689 211
1690 208
1691 208
1692 208
1693 209
1694 209
1695 208
1696 209
1697 381
1698 210
1699 210
1700 207
1701 207
1702 208
1703 208
1704 207
1705 209
1706 208
1707 207
1708 342
1709 327
1710 486
1711 560
1712 254
1713 209
1714 208
1715 209
1716 210
1717 210
1718 209
1719 209
1720 209
1721 208
1722 208
1723 209
1724 209
1725 210
1726 209
1727 208
1728 346
1729 208
1730 207
1731 389
1732 209
1733 207
1734 208
1735 207
1736 206
1737 208
1738 207
1739 208
1740 210
1741 206
1742 218
1743 209
1744 208
1745 207
1746 206
1747 208
1748 209
1749 192
1750 207
1751 207
1752 211
1753 206
1754 208
1755 209
1756 207
1757 208
1758 199
1759 203
1760 207
1761 209
1762 210
1763 210
1764 205
1765 207
1766 209
1767 204
1768 208
1769 361
1770 308
1771 210
1772 323
1773 210
1774 208
1775 205
1776 207
1777 211
1778 209
1779 209
1780 207
1781 188
1782 210
1783 210
1784 207
1785 200
1786 210
1787 209
1788 208
1789 206
1790 208
1791 206
1792 208
1793 209
1794 209
1795 209
1796 210
1797 207
1798 212
1799 208
1800 209
1801 209
1802 211
1803 211
1804 209
1805 208
1806 208
1807 209
1808 207
1809 207
1810 209
1811 208
1812 207
1813 210
1814 207
1815 211
1816 208
1817 188
1818 210
1819 210
1820 209
1821 209
1822 207
1823 210
1824 207
1825 208
1826 207
1827 207
1828 208
1829 208
1830 208
1831 207
1832 186
1833 212
1834 212
1835 207
1836 209
1837 208
1838 208
1839 211
1840 211
1841 208
1842 206
1843 208
1844 211
1845 208
1846 208
1847 208
1848 203
1849 211
1850 209
1851 209
1852 207
1853 206
1854 207
1855 208
1856 206
1857 209
1858 209
1859 211
1860 209
1861 295
1862 250
1863 208
1864 207
1865 207
1866 209
1867 210
1868 208
1869 208
1870 206
1871 208
1872 207
1873 210
1874 186
1875 208
1876 502
1877 327
1878 208
1879 212
1880 210
1881 207
1882 211
1883 208
1884 208
1885 209
1886 208
1887 209
1888 211
1889 207
1890 210
1891 209
1892 207
1893 208
1894 298
1895 270
1896 206
1897 390
1898 209
1899 207
1900 209
1901 207
1902 209
1903 208
1904 209
1905 207
1906 207
1907 210
1908 313
1909 207
1910 208
1911 206
1912 207
1913 207
1914 209
1915 211
1916 209
1917 209
1918 208
1919 208
1920 209
1921 207
1922 187
1923 208
1924 209
1925 207
1926 208
1927 207
1928 210
1929 208
1930 210
1931 209
1932 208
1933 207
1934 209
1935 208
1936 208
1937 206
1938 209
1939 209
1940 210
1941 207
1942 210
1943 207
1944 209
1945 209
1946 208
1947 210
1948 210
1949 186
1950 189
1951 209
1952 208
1953 207
1954 206
1955 210
1956 207
1957 206
1958 208
1959 210
1960 208
1961 173
1962 209
1963 208
1964 208
1965 210
1966 208
1967 209
1968 209
1969 207
1970 208
1971 207
1972 209
1973 210
1974 208
1975 209
1976 208
1977 208
1978 207
1979 208
1980 207
1981 180
1982 213
1983 212
1984 207
1985 183
1986 208
1987 207
1988 207
1989 209
1990 209
1991 206
1992 207
1993 206
1994 207
1995 208
1996 209
1997 206
1998 208
1999 208
2000 209
2001 209
2002 207
2003 185
2004 187
2005 207
2006 208
2007 202
2008 206
2009 208
2010 206
2011 206
2012 208
2013 209
2014 208
2015 206
2016 205
2017 208
2018 208
2019 207
2020 209
2021 209
2022 207
2023 207
2024 207
2025 207
2026 211
2027 208
2028 204
2029 208
2030 281
2031 359
2032 187
2033 208
2034 207
2035 210
2036 210
2037 209
2038 209
2039 210
2040 208
2041 189
2042 209
2043 206
2044 328
2045 306
2046 212
2047 209
2048 208
2049 207
2050 208
2051 206
2052 208
2053 207
2054 207
2055 208
2056 206
2057 209
2058 208
2059 209
2060 208
2061 206
2062 208
2063 401
2064 210
2065 344
2066 208
2067 208
2068 210
2069 208
2070 210
2071 211
2072 207
2073 185
2074 211
2075 209
2076 208
2077 209
2078 206
2079 200
2080 208
2081 210
2082 211
2083 210
2084 208
2085 209
2086 207
2087 207
2088 206
2089 209
2090 209
2091 207
2092 208
2093 187
2094 208
2095 208
2096 206
2097 187
2098 210
2099 208
2100 206
2101 206
2102 212
2103 206
2104 206
2105 207
2106 208
2107 206
2108 208
2109 210
2110 208
2111 209
2112 209
2113 209
2114 208
2115 207
2116 207
2117 207
2118 208
2119 209
2120 207
2121 208
2122 206
2123 208
2124 206
2125 208
2126 207
2127 198
2128 208
2129 210
2130 207
2131 185
2132 207
2133 206
2134 208
2135 208
2136 208
2137 208
2138 209
2139 210
2140 208
2141 208
2142 209
2143 209
2144 209
2145 208
2146 208
2147 209
2148 209
2149 208
2150 503
2151 209
2152 209
2153 207
2154 209
2155 209
2156 211
2157 208
2158 206
2159 175
2160 206
2161 186
2162 211
2163 207
2164 207
2165 206
2166 206
2167 207
2168 206
2169 205
2170 211
2171 208
2172 209
2173 210
2174 207
2175 207
2176 208
2177 209
2178 208
2179 207
2180 207
2181 208
2182 205
2183 209
2184 206
2185 209
2186 191
2187 189
2188 209
2189 205
2190 210
2191 208
2192 206
2193 210
2194 207
2195 209
2196 208
2197 209
2198 206
2199 209
2200 261
2201 207
2202 207
2203 210
2204 208
2205 207
2206 207
2207 207
2208 208
2209 209
2210 208
2211 208
2212 210
2213 282
2214 379
2215 321
2216 210
2217 205
2218 206
2219 221
2220 207
2221 208
2222 207
2223 208
2224 188
2225 213
2226 211
2227 209
2228 208
2229 209
2230 210
2231 207
2232 404
2233 210
2234 185
2235 391
2236 208
2237 210
2238 209
2239 209
2240 206
2241 207
2242 208
2243 209
2244 210
2245 207
2246 210
2247 209
2248 208
2249 208
2250 211
2251 208
2252 208
2253 207
2254 208
2255 207
2256 206
2257 206
2258 206
2259 207
2260 208
2261 207
2262 206
2263 191
2264 205
2265 210
2266 206
2267 208
2268 208
2269 206
2270 211
2271 209
2272 206
2273 208
2274 208
2275 210
2276 207
2277 208
2278 210
2279 210
2280 206
2281 208
2282 210
2283 208
2284 208
2285 208
2286 190
2287 210
2288 209
2289 207
2290 210
2291 207
2292 209
2293 206
2294 206
2295 208
2296 206
2297 188
2298 206
2299 187
2300 208
2301 204
2302 188
2303 208
2304 208
2305 209
2306 206
2307 210
2308 207
2309 205
2310 209
2311 210
2312 209
2313 207
2314 209
2315 206
2316 207
2317 123
2318 206
2319 184
2320 210
2321 208
2322 208
2323 209
2324 208
2325 208
2326 207
2327 208
2328 209
2329 208
2330 208
2331 208
2332 207
2333 209
2334 208
2335 207
2336 206
2337 209
2338 208
2339 191
2340 207
2341 211
2342 208
2343 206
2344 210
2345 208
2346 207
2347 210
2348 209
2349 199
2350 206
2351 210
2352 206
2353 205
2354 208
2355 215
2356 210
2357 209
2358 209
2359 208
2360 211
2361 210
2362 208
2363 211
2364 210
2365 208
2366 186
2367 208
2368 208
2369 208
2370 207
2371 387
2372 207
2373 208
2374 210
2375 209
2376 207
2377 210
2378 208
2379 206
2380 208
2381 210
2382 188
2383 210
2384 317
2385 323
2386 209
2387 210
2388 206
2389 314
2390 381
2391 211
2392 210
2393 208
2394 208
2395 207
2396 207
2397 208
2398 210
2399 210
2400 209
2401 209
2402 188
2403 407
2404 208
2405 412
2406 209
2407 207
2408 207
2409 189
2410 208
2411 186
2412 208
2413 209
2414 207
2415 207
2416 209
2417 209
2418 211
2419 207
2420 211
2421 208
2422 206
2423 208
2424 208
2425 206
2426 209
2427 207
2428 208
2429 208
2430 206
2431 207
2432 210
2433 211
2434 207
2435 209
2436 207
2437 209
2438 209
2439 207
2440 210
2441 210
2442 210
2443 210
2444 208
2445 210
2446 209
2447 208
2448 205
2449 207
2450 208
2451 209
2452 211
2453 210
2454 216
2455 211
2456 207
2457 208
2458 211
2459 208
2460 210
2461 209
2462 209
2463 207
2464 210
2465 209
2466 208
2467 205
2468 208
2469 208
2470 209
2471 208
2472 207
2473 206
2474 211
2475 209
2476 210
2477 211
2478 209
2479 209
2480 208
2481 207
2482 209
2483 210
2484 209
2485 210
2486 206
2487 210
2488 207
2489 207
2490 207
2491 212
2492 211
2493 209
2494 207
2495 210
2496 207
2497 190
2498 187
2499 209
2500 208
2501 208
2502 190
2503 207
2504 208
2505 206
2506 207
2507 211
2508 209
2509 207
2510 212
2511 207
2512 207
2513 208
2514 209
2515 207
2516 209
2517 208
2518 207
2519 206
2520 207
2521 209
2522 208
2523 211
2524 207
2525 188
2526 210
2527 208
2528 207
2529 206
2530 209
2531 208
2532 210
2533 209
2534 187
2535 210
2536 209
2537 207
2538 209
2539 205
2540 209
2541 188
2542 208
2543 212
2544 209
2545 209
2546 211
2547 203
2548 208
2549 209
2550 207
2551 210
2552 210
2553 209
2554 316
2555 310
2556 209
2557 208
2558 214
2559 207
2560 208
2561 211
2562 209
2563 209
2564 209
2565 207
2566 208
2567 209
2568 207
2569 208
2570 209
2571 208
2572 207
2573 407
2574 208
2575 348
2576 213
2577 210
2578 209
2579 210
2580 208
2581 208
2582 210
2583 209
2584 201
2585 207
2586 211
2587 206
2588 207
2589 208
2590 209
2591 208
2592 210
2593 212
2594 209
2595 188
2596 209
2597 207
2598 209
2599 206
2600 208
2601 208
2602 209
2603 208
2604 208
2605 208
2606 210
2607 210
2608 209
2609 210
2610 208
2611 205
2612 206
2613 207
2614 206
2615 206
2616 211
2617 209
2618 208
2619 209
2620 206
2621 187
2622 207
2623 209
2624 209
2625 209
2626 207
2627 207
2628 207
2629 210
2630 209
2631 207
2632 212
2633 207
2634 209
2635 206
2636 208
2637 206
2638 209
2639 206
2640 186
2641 208
2642 209
2643 207
2644 208
2645 206
2646 206
2647 209
2648 207
2649 207
2650 208
2651 208
2652 206
2653 206
2654 207
2655 210
2656 207
2657 207
2658 211
2659 208
2660 206
2661 210
2662 207
2663 206
2664 206
2665 210
2666 208
2667 208
2668 208
2669 206
2670 208
2671 207
2672 208
2673 207
2674 207
2675 206
2676 206
2677 207
2678 208
2679 206
2680 210
2681 209
2682 210
2683 209
2684 208
2685 206
2686 207
2687 207
2688 204
2689 208
2690 208
2691 209
2692 208
2693 208
2694 207
2695 207
2696 210
2697 208
2698 210
2699 211
2700 208
2701 208
2702 210
2703 208
2704 210
2705 140
2706 207
2707 208
2708 206
2709 207
2710 211
2711 208
2712 325
2713 210
2714 208
2715 209
2716 302
2717 211
2718 208
2719 209
2720 187
2721 208
2722 206
2723 209
2724 208
2725 340
2726 310
2727 206
2728 206
2729 207
2730 205
2731 209
2732 209
2733 205
2734 208
2735 209
2736 209
2737 211
2738 210
2739 210
2740 186
2741 207
2742 208
2743 209
2744 414
2745 213
2746 209
2747 257
2748 208
2749 208
2750 208
2751 210
2752 208
2753 207
2754 210
2755 209
2756 207
2757 208
2758 208
2759 209
2760 207
2761 207
2762 211
2763 209
2764 210
2765 208
2766 209
2767 209
2768 230
2769 187
2770 187
2771 208
2772 209
2773 210
2774 210
2775 209
2776 208
2777 210
2778 209
2779 208
2780 207
2781 208
2782 206
2783 208
2784 210
2785 208
2786 207
2787 282
2788 209
2789 315
2790 209
2791 255
2792 209
2793 326
2794 208
2795 208
2796 209
2797 209
2798 188
2799 208
2800 211
2801 209
2802 210
2803 209
2804 205
2805 209
2806 207
2807 209
2808 208
2809 206
2810 209
2811 206
2812 208
2813 209
2814 211
2815 184
2816 208
2817 205
2818 208
2819 207
2820 208
2821 207
2822 207
2823 208
2824 208
2825 209
2826 208
2827 212
2828 208
2829 208
2830 207
2831 208
2832 211
2833 206
2834 209
2835 208
2836 205
2837 209
2838 208
2839 209
2840 209
2841 208
2842 205
2843 208
2844 210
2845 209
2846 189
2847 209
2848 207
2849 211
2850 206
2851 205
2852 210
2853 158
2854 210
2855 207
2856 189
2857 208
2858 209
2859 207
2860 187
2861 205
2862 208
2863 207
2864 210
2865 209
2866 211
2867 211
2868 210
2869 211
2870 207
2871 206
2872 206
2873 208
2874 208
2875 208
2876 208
2877 207
2878 209
2879 208
2880 380
2881 208
2882 188
2883 207
2884 208
2885 208
2886 208
2887 209
2888 209
2889 208
2890 206
2891 212
2892 210
2893 324
2894 327
2895 208
2896 209
2897 207
2898 208
2899 212
2900 200
2901 209
2902 209
2903 209
2904 208
2905 207
2906 208
2907 207
2908 207
2909 208
2910 210
2911 209
2912 406
2913 207
2914 306
2915 310
2916 186
2917 208
2918 207
2919 210
2920 200
2921 207
2922 207
2923 207
2924 207
2925 188
2926 208
2927 205
2928 209
2929 211
2930 208
2931 206
2932 160
2933 208
2934 209
2935 206
2936 207
2937 208
2938 201
2939 207
2940 207
2941 208
2942 207
2943 208
2944 208
2945 206
2946 208
2947 209
2948 208
2949 205
2950 212
2951 209
2952 210
2953 208
2954 211
2955 209
2956 206
2957 206
2958 208
2959 208
2960 209
2961 210
2962 210
2963 209
2964 207
2965 212
2966 210
2967 207
2968 206
2969 206
2970 210
2971 207
2972 209
2973 207
2974 207
2975 188
2976 187
2977 210
2978 206
2979 208
2980 207
2981 211
2982 211
2983 208
2984 209
2985 210
2986 208
2987 209
2988 207
2989 205
2990 208
2991 208
2992 210
2993 210
2994 206
2995 208
2996 208
2997 206
2998 208
2999 209
3000 206
3001 206
3002 210
3003 209
3004 209
3005 209
3006 208
3007 208
3008 209
3009 207
3010 205
3011 208
3012 207
3013 207
3014 207
3015 209
3016 209
3017 186
3018 208
3019 209
3020 208
3021 208
3022 207
3023 191
3024 210
3025 208
3026 188
3027 209
3028 207
3029 208
3030 207
3031 210
3032 210
3033 208
3034 207
3035 209
3036 209
3037 209
3038 207
3039 207
3040 211
3041 208
3042 208
3043 206
3044 207
3045 203
3046 208
3047 207
3048 208
3049 209
3050 208
3051 513
3052 186
3053 210
3054 209
3055 208
3056 210
3057 211
3058 210
3059 209
3060 208
3061 208
3062 207
3063 210
3064 368
3065 208
3066 209
3067 208
3068 211
3069 209
3070 210
3071 209
3072 209
3073 208
3074 207
3075 208
3076 207
3077 211
3078 207
3079 208
3080 207
3081 208
3082 305
3083 268
3084 211
3085 397
3086 208
3087 209
3088 210
3089 207
3090 206
3091 208
3092 208
3093 207
3094 209
3095 209
3096 208
3097 207
3098 208
3099 208
3100 208
3101 207
3102 210
3103 214
3104 206
3105 209
3106 207
3107 208
3108 208
3109 207
3110 207
3111 208
3112 208
3113 187
3114 206
3115 206
3116 207
3117 205
3118 207
3119 208
3120 210
3121 208
3122 206
3123 209
3124 208
3125 199
3126 210
3127 207
3128 207
3129 209
3130 207
3131 207
3132 209
3133 209
3134 208
3135 186
3136 206
3137 186
3138 207
3139 209
3140 208
3141 209
3142 208
3143 205
3144 187
3145 208
3146 206
3147 208
3148 208
3149 208
3150 207
3151 207
3152 208
3153 209
3154 208
3155 210
3156 188
3157 206
3158 199
3159 210
3160 209
3161 211
3162 209
3163 210
3164 206
3165 210
3166 209
3167 207
3168 208
3169 207
3170 211
3171 210
3172 208
3173 211
3174 210
3175 211
3176 209
3177 207
3178 208
3179 207
3180 208
3181 207
3182 207
3183 210
3184 207
3185 209
3186 174
3187 207
3188 208
3189 206
3190 208
3191 188
3192 208
3193 187
3194 207
3195 209
3196 212
3197 207
3198 208
3199 209
3200 211
3201 210
3202 210
3203 210
3204 188
3205 206
3206 209
3207 209
3208 210
3209 210
3210 210
3211 211
3212 208
3213 207
3214 209
3215 208
3216 187
3217 207
3218 208
3219 208
3220 206
3221 208
3222 345
3223 208
3224 208
3225 210
3226 209
3227 205
3228 208
3229 208
3230 188
3231 206
3232 211
3233 207
3234 208
3235 309
3236 251
3237 209
3238 206
3239 210
3240 210
3241 209
3242 188
3243 209
3244 207
3245 208
3246 207
3247 210
3248 209
3249 210
3250 210
3251 209
3252 208
3253 208
3254 409
3255 207
3256 347
3257 205
3258 207
3259 209
3260 208
3261 210
3262 209
3263 208
3264 208
3265 208
3266 208
3267 206
3268 208
3269 210
3270 206
3271 208
3272 212
3273 208
3274 208
3275 210
3276 188
3277 210
3278 210
3279 207
3280 208
3281 205
3282 205
3283 207
3284 208
3285 189
3286 206
3287 206
3288 207
3289 208
3290 210
3291 205
3292 209
3293 205
3294 208
3295 189
3296 208
3297 210
3298 205
3299 207
3300 210
3301 207
3302 208
3303 208
3304 202
3305 208
3306 206
3307 205
3308 206
3309 212
3310 210
3311 206
3312 211
3313 209
3314 209
3315 206
3316 209
3317 207
3318 208
3319 209
3320 206
3321 208
3322 206
3323 209
3324 207
3325 206
3326 209
3327 206
3328 211
3329 187
3330 207
3331 208
3332 208
3333 207
3334 186
3335 209
3336 206
3337 208
3338 208
3339 207
3340 207
3341 209
3342 207
3343 208
3344 187
3345 207
3346 207
3347 208
3348 208
3349 205
3350 208
3351 209
3352 207
3353 207
3354 210
3355 210
3356 209
3357 211
3358 213
3359 209
3360 208
3361 207
3362 207
3363 208
3364 210
3365 205
3366 209
3367 207
3368 206
3369 207
3370 209
3371 208
3372 207
3373 208
3374 209
3375 210
3376 208
3377 211
3378 209
3379 207
3380 207
3381 207
3382 207
3383 188
3384 209
3385 210
3386 207
3387 212
3388 207
3389 206
3390 209
3391 207
3392 206
3393 323
3394 209
3395 236
3396 206
3397 207
3398 207
3399 211
3400 209
3401 209
3402 207
3403 208
3404 208
3405 209
3406 499
3407 208
3408 208
3409 209
3410 208
3411 205
3412 211
3413 208
3414 209
3415 209
3416 209
3417 207
3418 208
3419 209
3420 210
3421 209
3422 209
3423 206
3424 339
3425 266
3426 369
3427 210
3428 209
3429 207
3430 208
3431 196
3432 207
3433 202
3434 208
3435 212
3436 210
3437 208
3438 208
3439 207
3440 210
3441 207
3442 320
3443 426
3444 204
3445 186
3446 209
3447 208
3448 281
3449 303
3450 208
3451 205
3452 207
3453 207
3454 209
3455 189
3456 211
3457 187
3458 208
3459 209
3460 191
3461 207
3462 189
3463 207
3464 206
3465 188
3466 211
3467 210
3468 206
3469 212
3470 207
3471 208
3472 206
3473 215
3474 211
3475 209
3476 209
3477 208
3478 207
3479 207
3480 207
3481 209
3482 208
3483 207
3484 206
3485 209
3486 211
3487 209
3488 209
3489 208
3490 207
3491 212
3492 189
3493 207
3494 208
3495 208
3496 209
3497 209
3498 208
3499 210
3500 209
3501 193
3502 206
3503 208
3504 212
3505 209
3506 210
3507 210
3508 209
3509 327
3510 208
3511 208
3512 209
3513 210
3514 211
3515 208
3516 206
3517 211
3518 208
3519 208
3520 189
3521 211
3522 207
3523 187
3524 212
3525 209
3526 208
3527 207
3528 208
3529 207
3530 210
3531 210
3532 208
3533 208
3534 211
3535 209
3536 206
3537 207
3538 208
3539 207
3540 210
3541 209
3542 207
3543 207
3544 208
3545 208
3546 208
3547 207
3548 209
3549 206
3550 210
3551 208
3552 202
3553 209
3554 209
3555 207
3556 208
3557 209
3558 207
3559 218
3560 447
3561 208
3562 208
3563 211
3564 209
3565 207
3566 208
3567 210
3568 208
3569 210
3570 208
3571 208
3572 208
3573 209
3574 206
3575 210
3576 206
3577 208
3578 211
3579 210
3580 207
3581 374
3582 240
3583 209
3584 210
3585 210
3586 207
3587 211
3588 207
3589 207
3590 206
3591 209
3592 208
3593 208
3594 208
3595 208
3596 207
3597 209
3598 209
3599 208
3600 207
3601 190
3602 209
3603 211
3604 208
3605 209
3606 206
3607 210
3608 207
3609 215
3610 402
3611 215
3612 396
3613 207
3614 210
3615 208
3616 209
3617 208
3618 208
3619 206
3620 211
3621 208
3622 206
3623 206
3624 213
3625 208
3626 206
3627 209
3628 210
3629 209
3630 208
3631 207
3632 209
3633 210
3634 209
3635 208
3636 215
3637 213
3638 190
3639 207
3640 208
3641 209
3642 213
3643 208
3644 208
3645 208
3646 209
3647 210
3648 187
3649 212
3650 208
3651 208
3652 210
3653 173
3654 208
3655 210
3656 209
3657 208
3658 208
3659 208
3660 205
3661 209
3662 207
3663 187
3664 209
3665 208
3666 207
3667 208
3668 207
3669 207
3670 208
3671 210
3672 211
3673 208
3674 210
3675 207
3676 208
3677 207
3678 209
3679 209
3680 207
3681 206
3682 208
3683 188
3684 189
3685 209
3686 210
3687 208
3688 210
3689 210
3690 209
3691 212
3692 207
3693 210
3694 209
3695 217
3696 209
3697 209
3698 211
3699 207
3700 208
3701 207
3702 207
3703 208
3704 209
3705 210
3706 207
3707 211
3708 207
3709 208
3710 206
3711 210
3712 207
3713 209
3714 206
3715 211
3716 214
3717 209
3718 206
3719 209
3720 207
3721 210
3722 209
3723 207
3724 209
3725 208
3726 209
3727 208
3728 207
3729 296
3730 344
3731 203
3732 212
3733 206
3734 208
3735 207
3736 206
3737 207
3738 206
3739 207
3740 209
3741 205
3742 208
3743 210
3744 285
3745 413
3746 210
3747 209
3748 212
3749 209
3750 209
3751 207
3752 209
3753 207
3754 208
3755 207
3756 208
3757 210
3758 205
3759 209
3760 207
3761 209
3762 210
3763 208
3764 405
3765 210
3766 399
3767 206
3768 208
3769 209
3770 207
3771 211
3772 210
3773 209
3774 209
3775 211
3776 210
3777 210
3778 210
3779 202
3780 210
3781 211
3782 208
3783 212
3784 209
3785 209
3786 209
3787 210
3788 187
3789 209
3790 207
3791 206
3792 210
3793 206
3794 205
3795 206
3796 209
3797 208
3798 207
3799 210
3800 208
3801 210
3802 208
3803 208
3804 209
3805 209
3806 209
3807 208
3808 208
3809 210
3810 209
3811 211
3812 209
3813 209
3814 209
3815 209
3816 212
3817 207
3818 209
3819 209
3820 207
3821 208
3822 210
3823 207
3824 210
3825 208
3826 208
3827 208
3828 208
3829 213
3830 209
3831 209
3832 208
3833 210
3834 208
3835 209
3836 205
3837 207
3838 207
3839 206
3840 209
3841 212
3842 210
3843 209
3844 208
3845 208
3846 208
3847 208
3848 207
3849 208
3850 209
3851 208
3852 210
3853 204
3854 207
3855 212
3856 208
3857 208
3858 208
3859 188
3860 188
3861 208
3862 207
3863 207
3864 205
3865 211
3866 209
3867 207
3868 207
3869 207
3870 207
3871 206
3872 208
3873 208
3874 209
3875 208
3876 207
3877 208
3878 205
3879 208
3880 208
3881 187
3882 208
3883 209
3884 210
3885 206
3886 213
3887 210
3888 209
3889 189
3890 208
3891 189
3892 207
3893 212
3894 209
3895 209
3896 205
3897 206
3898 206
3899 324
3900 207
3901 209
3902 206
3903 207
3904 363
3905 204
3906 207
3907 317
3908 207
3909 210
3910 209
3911 208
3912 274
3913 364
3914 208
3915 209
3916 208
3917 208
3918 209
3919 208
3920 208
3921 208
3922 206
3923 189
3924 205
3925 208
3926 207
3927 208
3928 209
3929 208
3930 208
3931 336
3932 210
3933 207
3934 415
3935 211
3936 207
3937 209
3938 211
3939 209
3940 208
3941 206
3942 209
3943 208
3944 208
3945 210
3946 208
3947 210
3948 209
3949 206
3950 211
3951 193
3952 209
3953 207
3954 207
3955 208
3956 187
3957 211
3958 210
3959 209
3960 210
3961 209
3962 208
3963 207
3964 209
3965 208
3966 209
3967 209
3968 208
3969 207
3970 208
3971 208
3972 171
3973 206
3974 208
3975 209
3976 211
3977 208
3978 207
3979 208
3980 207
3981 208
3982 209
3983 208
3984 208
3985 208
3986 206
3987 206
3988 208
3989 209
3990 208
3991 205
3992 208
3993 209
3994 207
3995 210
3996 208
3997 204
3998 206
3999 208
4000 210
4001 208
4002 208
4003 209
4004 208
4005 206
4006 210
4007 208
4008 208
4009 208
4010 206
4011 204
4012 211
4013 208
4014 188
4015 208
4016 187
4017 207
4018 206
4019 207
4020 207
4021 174
4022 207
4023 209
4024 208
4025 208
4026 208
4027 209
4028 209
4029 206
4030 208
4031 186
4032 208
4033 208
4034 212
4035 208
4036 207
4037 208
4038 210
4039 209
4040 207
4041 207
4042 209
4043 210
4044 211
4045 208
4046 209
4047 206
4048 207
4049 209
4050 209
4051 205
4052 208
4053 210
4054 207
4055 209
4056 209
4057 208
4058 208
4059 206
4060 207
4061 207
4062 207
4063 207
4064 208
4065 206
4066 207
4067 207
4068 208
4069 319
4070 312
4071 206
4072 210
4073 209
4074 208
4075 209
4076 208
4077 208
4078 209
4079 188
4080 208
4081 211
4082 384
4083 249
4084 445
4085 208
4086 207
4087 208
4088 186
4089 209
4090 208
4091 208
4092 208
4093 207
4094 210
4095 205
4096 206
4097 207
4098 211
4099 207
4100 209
4101 398
4102 208
4103 210
4104 256
4105 209
4106 208
4107 208
4108 208
4109 210
4110 208
4111 206
4112 206
4113 207
4114 208
4115 209
4116 180
4117 210
4118 208
4119 207
4120 210
4121 211
4122 211
4123 210
4124 208
4125 207
4126 208
4127 209
4128 209
4129 186
4130 210
4131 207
4132 208
4133 207
4134 212
4135 209
4136 206
4137 207
4138 212
4139 207
4140 209
4141 208
4142 263
4143 188
4144 208
4145 208
4146 207
4147 209
4148 208
4149 208
4150 206
4151 209
4152 210
4153 206
4154 208
4155 206
4156 207
4157 208
4158 209
4159 207
4160 208
4161 208
4162 208
4163 209
4164 208
4165 207
4166 206
4167 207
4168 189
4169 209
4170 208
4171 210
4172 208
4173 209
4174 207
4175 209
4176 209
4177 208
4178 208
4179 205
4180 208
4181 208
4182 208
4183 212
4184 211
4185 209
4186 207
4187 207
4188 206
4189 210
4190 212
4191 208
4192 209
4193 209
4194 208
4195 210
4196 209
4197 207
4198 188
4199 209
4200 210
4201 211
4202 206
4203 209
4204 207
4205 208
4206 207
4207 210
4208 208
4209 209
4210 210
4211 208
4212 208
4213 207
4214 206
4215 208
4216 208
4217 210
4218 207
4219 208
4220 208
4221 204
4222 213
4223 210
4224 208
4225 210
4226 209
4227 190
4228 207
4229 207
4230 207
4231 210
4232 208
4233 207
4234 209
4235 209
4236 210
4237 207
4238 347
4239 207
4240 208
4241 208
4242 210
4243 208
4244 201
4245 172
4246 207
4247 206
4248 207
4249 211
4250 208
4251 277
4252 333
4253 187
4254 186
4255 209
4256 210
4257 208
4258 207
4259 209
4260 207
4261 210
4262 210
4263 204
4264 207
4265 208
4266 209
4267 190
4268 207
4269 210
4270 211
4271 411
4272 208
4273 399
4274 208
4275 208
4276 211
4277 209
4278 208
4279 207
4280 211
4281 209
4282 207
4283 208
4284 210
4285 206
4286 207
4287 212
4288 208
4289 208
4290 208
4291 207
4292 211
4293 209
4294 211
4295 207
4296 209
4297 210
4298 209
4299 208
4300 209
4301 211
4302 208
4303 207
4304 173
4305 206
4306 207
4307 209
4308 206
4309 208
4310 209
4311 209
4312 206
4313 208
4314 210
4315 210
4316 207
4317 208
4318 208
4319 208
4320 211
4321 208
4322 207
4323 208
4324 208
4325 207
4326 211
4327 187
4328 205
4329 209
4330 209
4331 209
4332 206
4333 208
4334 208
4335 210
4336 208
4337 208
4338 285
4339 248
4340 208
4341 209
4342 207
4343 297
4344 209
4345 207
4346 206
4347 208
4348 207
4349 209
4350 207
4351 210
4352 191
4353 208
4354 209
4355 208
4356 476
4357 208
4358 208
4359 209
4360 209
4361 208
4362 209
4363 508
4364 207
4365 208
4366 208
4367 206
4368 209
4369 207
4370 207
4371 208
4372 210
4373 209
4374 594
4375 210
4376 208
4377 208
4378 208
4379 447
4380 367
4381 206
4382 206
4383 210
4384 209
4385 208
4386 207
4387 208
4388 206
4389 210
4390 211
4391 205
4392 206
4393 207
4394 185
4395 210
4396 210
4397 296
4398 207
4399 212
4400 208
4401 211
4402 421
4403 208
4404 209
4405 210
4406 243
4407 208
4408 281
4409 208
4410 208
4411 208
4412 208
4413 211
4414 257
4415 208
4416 208
4417 208
4418 293
4419 499
4420 439
4421 211
4422 210
4423 206
4424 208
4425 615
4426 207
4427 206
4428 208
4429 207
4430 209
4431 209
4432 477
4433 322
4434 208
4435 208
4436 206
4437 411
4438 210
4439 407
4440 210
4441 209
4442 209
4443 207
4444 209
4445 208
4446 208
4447 213
4448 209
4449 210
4450 210
4451 188
4452 208
4453 209
4454 209
4455 207
4456 210
4457 209
4458 210
4459 188
4460 185
4461 207
4462 208
4463 209
4464 209
4465 212
4466 209
4467 209
4468 199
4469 209
4470 210
4471 208
4472 207
4473 206
4474 210
4475 207
4476 362
4477 209
4478 158
4479 211
4480 209
4481 208
4482 205
4483 206
4484 208
4485 207
4486 211
4487 208
4488 211
4489 206
4490 206
4491 210
4492 209
4493 208
4494 207
4495 210
4496 208
4497 208
4498 207
4499 210
4500 207
4501 208
4502 209
4503 207
4504 207
4505 208
4506 207
4507 209
4508 208
4509 207
4510 208
4511 212
4512 206
4513 208
4514 205
4515 206
4516 209
4517 207
4518 209
4519 186
4520 208
4521 207
4522 207
4523 210
4524 209
4525 210
4526 206
4527 209
4528 209
4529 209
4530 203
4531 208
4532 209
4533 207
4534 208
4535 209
4536 209
4537 208
4538 207
4539 208
4540 206
4541 208
4542 208
4543 208
4544 208
4545 207
4546 208
4547 211
4548 205
4549 208
4550 207
4551 209
4552 209
4553 206
4554 208
4555 208
4556 208
4557 208
4558 208
4559 210
4560 205
4561 208
4562 381
4563 319
4564 208
4565 208
4566 211
4567 208
4568 207
4569 206
4570 210
4571 208
4572 190
4573 208
4574 208
4575 209
4576 209
4577 208
4578 337
4579 269
4580 209
4581 188
4582 208
4583 208
4584 211
4585 209
4586 207
4587 213
4588 209
4589 208
4590 209
4591 209
4592 210
4593 208
4594 206
4595 209
4596 209
4597 208
4598 213
4599 199
4600 205
4601 208
4602 208
4603 397
4604 210
4605 377
4606 207
4607 208
4608 209
4609 209
4610 207
4611 206
4612 207
4613 208
4614 206
4615 207
4616 209
4617 207
4618 207
4619 211
4620 209
4621 211
4622 208
4623 206
4624 206
4625 208
4626 209
4627 210
4628 207
4629 207
4630 208
4631 208
4632 208
4633 211
4634 207
4635 207
4636 210
4637 207
4638 208
4639 207
4640 208
4641 209
4642 206
4643 208
4644 209
4645 211
4646 209
4647 208
4648 208
4649 208
4650 211
4651 210
4652 206
4653 207
4654 209
4655 211
4656 209
4657 211
4658 209
4659 207
4660 211
4661 211
4662 188
4663 186
4664 210
4665 209
4666 206
4667 210
4668 207
4669 209
4670 208
4671 207
4672 205
4673 209
4674 211
4675 209
4676 187
4677 212
4678 209
4679 208
4680 210
4681 207
4682 207
4683 208
4684 207
4685 207
4686 206
4687 208
4688 207
4689 209
4690 211
4691 207
4692 207
4693 209
4694 206
4695 210
4696 211
4697 207
4698 209
4699 209
4700 208
4701 210
4702 210
4703 209
4704 209
4705 208
4706 206
4707 208
4708 208
4709 202
4710 208
4711 208
4712 205
4713 208
4714 207
4715 207
4716 208
4717 209
4718 209
4719 208
4720 207
4721 190
4722 209
4723 208
4724 209
4725 209
4726 206
4727 209
4728 209
4729 207
4730 211
4731 268
4732 264
4733 207
4734 211
4735 207
4736 208
4737 207
4738 208
4739 209
4740 207
4741 206
4742 209
4743 207
4744 206
4745 209
4746 384
4747 233
4748 207
4749 209
4750 208
4751 209
4752 208
4753 211
4754 207
4755 200
4756 190
4757 207
4758 208
4759 207
4760 208
4761 208
4762 206
4763 210
4764 208
4765 209
4766 410
4767 207
4768 407
4769 208
4770 209
4771 189
4772 211
4773 210
4774 210
4775 211
4776 209
4777 207
4778 207
4779 208
4780 208
4781 208
4782 208
4783 207
4784 209
4785 207
4786 207
4787 210
4788 207
4789 210
4790 208
4791 211
4792 208
4793 208
4794 209
4795 209
4796 211
4797 209
4798 209
4799 207
4800 208
4801 211
4802 207
4803 210
4804 208
4805 206
4806 185
4807 207
4808 209
4809 188
4810 207
4811 209
4812 188
4813 210
4814 210
4815 208
4816 207
4817 208
4818 207
4819 209
4820 209
4821 208
4822 208
4823 206
4824 207
4825 208
4826 205
4827 206
4828 208
4829 208
4830 208
4831 210
4832 211
4833 206
4834 208
4835 208
4836 208
4837 209
4838 211
4839 187
4840 209
4841 209
4842 323
4843 209
4844 210
4845 207
4846 209
4847 186
4848 208
4849 209
4850 209
4851 207
4852 205
4853 207
4854 208
4855 212
4856 210
4857 208
4858 207
4859 209
4860 209
4861 209
4862 210
4863 207
4864 210
4865 207
4866 208
4867 193
4868 208
4869 208
4870 210
4871 209
4872 190
4873 210
4874 206
4875 212
4876 208
4877 208
4878 208
4879 207
4880 206
4881 209
4882 204
4883 205
4884 207
4885 204
4886 208
4887 208
4888 208
4889 195
4890 208
4891 206
4892 209
4893 208
4894 207
4895 207
4896 211
4897 210
4898 207
4899 211
4900 210
4901 208
4902 332
4903 207
4904 208
4905 187
4906 208
4907 209
4908 210
4909 207
4910 208
4911 209
4912 209
4913 211
4914 208
4915 207
4916 316
4917 372
4918 210
4919 208
4920 209
4921 207
4922 209
4923 209
4924 206
4925 187
4926 212
4927 206
4928 208
4929 186
4930 209
4931 207
4932 209
4933 201
4934 210
4935 307
4936 266
4937 208
4938 380
4939 210
4940 207
4941 210
4942 210
4943 207
4944 208
4945 210
4946 207
4947 207
4948 207
4949 206
4950 211
4951 209
4952 207
4953 189
4954 211
4955 182
4956 210
4957 208
4958 206
4959 208
4960 211
4961 209
4962 206
4963 209
4964 207
4965 209
4966 210
4967 208
4968 209
4969 211
4970 209
4971 206
4972 209
4973 209
4974 208
4975 208
4976 210
4977 207
4978 208
4979 211
4980 210
4981 208
4982 208
4983 209
4984 194
4985 208
4986 211
4987 202
4988 212
4989 210
4990 209
4991 206
4992 209
4993 208
4994 208
4995 208
4996 208
4997 210
4998 209
4999 210
5000 210
5001 210
5002 208
5003 210
5004 212
5005 208
5006 209
5007 206
5008 184
5009 184
5010 206
5011 212
5012 206
5013 208
5014 208
5015 206
5016 195
5017 188
5018 207
5019 188
5020 207
5021 210
5022 208
5023 208
5024 209
5025 207
5026 209
5027 210
5028 210
5029 210
5030 209
5031 208
5032 211
5033 212
5034 207
5035 209
5036 209
5037 209
5038 202
5039 209
5040 207
5041 208
5042 208
5043 206
5044 209
5045 208
5046 209
5047 337
5048 248
5049 348
5050 209
5051 327
5052 208
5053 208
5054 209
5055 207
5056 208
5057 206
5058 209
5059 211
5060 186
5061 208
5062 209
5063 210
5064 207
5065 207
5066 206
5067 208
5068 211
5069 209
5070 206
5071 331
5072 211
5073 208
5074 208
5075 207
5076 208
5077 208
5078 210
5079 189
5080 186
5081 208
5082 186
5083 210
5084 209
5085 326
5086 372
5087 210
5088 209
5089 208
5090 208
5091 207
5092 211
5093 208
5094 209
5095 207
5096 209
5097 190
5098 207
5099 209
5100 206
5101 209
5102 207
5103 208
5104 207
5105 402
5106 210
5107 408
5108 208
5109 208
5110 210
5111 209
5112 207
5113 206
5114 208
5115 213
5116 207
5117 208
5118 207
5119 190
5120 207
5121 209
5122 208
5123 209
5124 208
5125 208
5126 212
5127 201
5128 208
5129 209
5130 209
5131 208
5132 209
5133 186
5134 206
5135 209
5136 208
5137 209
5138 209
5139 212
5140 208
5141 210
5142 209
5143 207
5144 211
5145 208
5146 208
5147 208
5148 207
5149 211
5150 207
5151 317
5152 451
5153 520
5154 377
5155 281
5156 411
5157 207
5158 209
5159 207
5160 207
5161 206
5162 208
5163 209
5164 206
5165 209
5166 207
5167 207
5168 208
5169 211
5170 210
5171 207
5172 207
5173 209
5174 209
5175 206
5176 208
5177 208
5178 205
5179 210
5180 207
5181 211
5182 209
5183 207
5184 208
5185 208
5186 207
5187 186
5188 210
5189 209
5190 210
5191 208
5192 210
5193 207
5194 207
5195 212
5196 207
5197 210
5198 207
5199 207
5200 209
5201 208
5202 189
5203 210
5204 209
5205 206
5206 209
5207 207
5208 210
5209 208
5210 208
5211 211
5212 206
5213 211
5214 208
5215 207
5216 209
5217 205
5218 207
5219 206
5220 207
5221 207
5222 210
5223 208
5224 208
5225 210
5226 208
5227 207
5228 208
5229 365
5230 356
5231 308
5232 348
5233 592
5234 207
5235 206
5236 208
5237 207
5238 210
5239 207
5240 206
5241 210
5242 208
5243 207
5244 188
5245 208
5246 288
5247 319
5248 208
5249 207
5250 208
5251 209
5252 209
5253 189
5254 210
5255 207
5256 336
5257 208
5258 323
5259 211
5260 208
5261 208
5262 172
5263 208
5264 206
5265 207
5266 405
5267 209
5268 300
5269 257
5270 210
5271 209
5272 211
5273 208
5274 208
5275 207
5276 205
5277 208
5278 188
5279 209
5280 208
5281 206
5282 208
5283 207
5284 186
5285 208
5286 210
5287 209
5288 207
5289 209
5290 208
5291 212
5292 207
5293 206
5294 209
5295 248
5296 217
5297 212
5298 212
5299 216
5300 214
5301 212
5302 213
5303 213
5304 213
5305 213
5306 213
5307 213
5308 215
5309 212
5310 211
5311 213
5312 377
5313 214
5314 342
5315 317
5316 212
5317 214
5318 215
5319 213
5320 214
5321 214
5322 214
5323 214
5324 215
5325 212
5326 214
5327 214
5328 212
5329 216
5330 216
5331 215
5332 211
5333 212
5334 216
5335 212
5336 211
5337 211
5338 215
5339 213
5340 211
5341 216
5342 211
5343 216
5344 212
5345 212
5346 213
5347 215
5348 214
5349 213
5350 211
5351 213
5352 216
5353 212
5354 211
5355 213
5356 213
5357 213
5358 210
5359 215
5360 213
5361 214
5362 213
5363 212
5364 212
5365 216
5366 213
5367 214
5368 215
5369 212
5370 215
5371 210
5372 197
5373 217
5374 193
5375 212
5376 212
5377 214
5378 211
5379 212
5380 216
5381 212
5382 410
5383 211
5384 215
5385 216
5386 214
5387 213
5388 215
5389 213
5390 213
5391 209
5392 212
5393 189
5394 216
5395 214
5396 214
5397 212
5398 192
5399 212
5400 213
5401 213
5402 212
5403 211
5404 213
5405 192
5406 214
5407 216
5408 215
5409 211
5410 213
5411 216
5412 192
5413 212
5414 211
5415 191
5416 210
5417 213
5418 214
5419 190
5420 212
5421 214
5422 213
5423 213
5424 215
5425 209
5426 217
5427 213
5428 212
5429 212
5430 213
5431 413
5432 216
5433 421
5434 212
5435 213
5436 212
5437 213
5438 212
5439 216
5440 214
5441 210
5442 212
5443 212
5444 210
5445 214
5446 213
5447 213
5448 212
5449 213
5450 210
5451 213
5452 195
5453 214
5454 195
5455 215
5456 213
5457 213
5458 215
5459 211
5460 419
5461 341
5462 215
5463 215
5464 301
5465 213
5466 214
5467 212
5468 211
5469 209
5470 211
5471 213
5472 212
5473 213
5474 214
5475 212
5476 212
5477 215
5478 214
5479 213
5480 196
5481 213
5482 214
5483 212
5484 189
5485 213
5486 216
5487 211
5488 190
5489 213
5490 212
5491 215
5492 213
5493 211
5494 213
5495 212
5496 214
5497 212
5498 212
5499 212
5500 212
5501 212
5502 211
5503 214
5504 213
5505 190
5506 214
5507 213
5508 214
5509 211
5510 213
5511 211
5512 213
5513 212
5514 212
5515 210
5516 212
5517 216
5518 212
5519 212
5520 212
5521 213
5522 212
5523 215
5524 214
5525 215
5526 213
5527 213
5528 214
5529 210
5530 212
5531 216
5532 213
5533 213
5534 210
5535 210
5536 211
5537 214
5538 213
5539 211
5540 212
5541 214
5542 390
5543 312
5544 214
5545 213
5546 216
5547 210
5548 211
5549 214
5550 210
5551 217
5552 214
5553 213
5554 212
5555 214
5556 214
5557 212
5558 211
5559 211
5560 214
5561 215
5562 211
5563 211
5564 209
5565 208
5566 214
5567 216
5568 214
5569 211
5570 212
5571 212
5572 213
5573 191
5574 212
5575 213
5576 213
5577 384
5578 216
5579 215
5580 215
5581 213
5582 213
5583 213
5584 215
5585 215
5586 213
5587 212
5588 218
5589 211
5590 212
5591 213
5592 215
5593 213
5594 214
5595 213
5596 323
5597 190
5598 410
5599 212
5600 211
5601 209
5602 214
5603 213
5604 215
5605 212
5606 211
5607 212
5608 215
5609 212
5610 214
5611 191
5612 214
5613 215
5614 213
5615 213
5616 214
5617 339
5618 193
5619 490
5620 311
5621 210
5622 212
5623 213
5624 209
5625 213
5626 211
5627 212
5628 211
5629 211
5630 192
5631 213
5632 211
5633 214
5634 213
5635 213
5636 212
5637 211
5638 212
5639 212
5640 211
5641 214
5642 214
5643 210
5644 213
5645 191
5646 213
5647 212
5648 219
5649 214
5650 210
5651 214
5652 215
5653 212
5654 213
5655 212
5656 213
5657 212
5658 213
5659 213
5660 215
5661 213
5662 213
5663 217
5664 214
5665 212
5666 213
5667 213
5668 214
5669 214
5670 213
5671 211
5672 210
5673 211
5674 210
5675 214
5676 211
5677 213
5678 193
5679 214
5680 214
5681 212
5682 216
5683 211
5684 214
5685 215
5686 211
5687 215
5688 211
5689 213
5690 214
5691 208
5692 211
5693 216
5694 211
5695 211
5696 423
5697 431
5698 322
5699 213
5700 248
5701 213
5702 212
5703 214
5704 195
5705 212
5706 213
5707 212
5708 213
5709 212
5710 212
5711 215
5712 210
5713 214
5714 215
5715 212
5716 216
5717 214
5718 214
5719 212
5720 191
5721 214
5722 215
5723 214
5724 477
5725 374
5726 213
5727 213
5728 214
5729 213
5730 213
5731 210
5732 215
5733 212
5734 212
5735 212
5736 215
5737 213
5738 373
5739 212
5740 212
5741 191
5742 216
5743 214
5744 214
5745 217
5746 213
5747 216
5748 215
5749 214
5750 176
5751 212
5752 211
5753 213
5754 215
5755 213
5756 211
5757 415
5758 213
5759 212
5760 309
5761 212
5762 195
5763 212
5764 215
5765 212
5766 213
5767 212
5768 212
5769 214
5770 212
5771 215
5772 214
5773 213
5774 310
5775 436
5776 213
5777 213
5778 213
5779 211
5780 682
5781 521
5782 317
5783 512
5784 302
5785 211
5786 209
5787 212
5788 209
5789 213
5790 220
5791 212
5792 252
5793 310
5794 212
5795 310
5796 212
5797 224
5798 217
5799 212
5800 210
5801 213
5802 213
5803 211
5804 214
5805 207
5806 212
5807 213
5808 212
5809 211
5810 213
5811 212
5812 194
5813 210
5814 212
5815 214
5816 213
5817 214
5818 211
5819 190
5820 212
5821 214
5822 212
5823 215
5824 213
5825 213
5826 213
5827 212
5828 214
5829 191
5830 212
5831 212
5832 214
5833 213
5834 214
5835 213
5836 212
5837 213
5838 192
5839 211
5840 212
5841 217
5842 214
5843 213
5844 218
5845 376
5846 364
5847 289
5848 491
5849 463
5850 383
5851 161
5852 213
5853 190
5854 192
5855 214
5856 200
5857 215
5858 212
5859 210
5860 213
5861 214
5862 216
5863 211
5864 212
5865 210
5866 211
5867 213
5868 214
5869 215
5870 213
5871 215
5872 214
5873 213
5874 213
5875 189
5876 212
5877 210
5878 212
5879 211
5880 211
5881 193
5882 212
5883 216
5884 214
5885 214
5886 211
5887 214
5888 217
5889 211
5890 211
5891 210
5892 211
5893 212
5894 259
5895 194
5896 214
5897 210
5898 213
5899 216
5900 213
5901 213
5902 214
5903 189
5904 212
5905 213
5906 211
5907 214
5908 215
5909 211
5910 214
5911 213
5912 304
5913 270
5914 214
5915 405
5916 212
5917 214
5918 213
5919 212
5920 213
5921 469
5922 359
5923 213
5924 476
5925 344
5926 508
5927 212
5928 213
5929 212
5930 214
5931 212
5932 210
5933 214
5934 212
5935 214
5936 213
5937 214
5938 210
5939 210
5940 212
5941 212
5942 214
5943 215
5944 211
5945 213
5946 213
5947 213
5948 215
5949 212
5950 213
5951 212
5952 213
5953 214
5954 212
5955 212
5956 216
5957 212
5958 218
5959 212
5960 211
5961 215
5962 212
5963 214
5964 212
5965 214
5966 213
5967 213
5968 213
5969 213
5970 212
5971 212
5972 214
5973 214
5974 212
5975 211
5976 212
5977 214
5978 212
5979 212
5980 213
5981 212
5982 203
5983 212
5984 212
5985 212
5986 213
5987 213
5988 211
5989 211
5990 210
5991 212
5992 266
5993 295
5994 215
5995 213
5996 342
5997 472
5998 260
5999 560
6000 456
6001 461
6002 290
6003 212
6004 212
6005 216
6006 210
6007 211
6008 215
6009 213
6010 211
6011 213
6012 215
6013 211
6014 213
6015 212
6016 213
6017 212
6018 215
6019 194
6020 211
6021 214
6022 213
6023 211
6024 192
6025 212
6026 212
6027 213
6028 164
6029 212
6030 211
6031 216
6032 212
6033 211
6034 213
6035 212
6036 212
6037 212
6038 215
6039 217
6040 214
6041 210
6042 213
6043 213
6044 210
6045 214
6046 215
6047 213
6048 211
6049 317
6050 340
6051 217
6052 214
6053 213
6054 210
6055 214
6056 212
6057 211
6058 213
6059 211
6060 213
6061 211
6062 190
6063 213
6064 213
6065 212
6066 212
6067 214
6068 413
6069 428
6070 211
6071 460
6072 383
6073 508
6074 464
6075 211
6076 212
6077 211
6078 213
6079 191
6080 217
6081 215
6082 212
6083 211
6084 211
6085 215
6086 192
6087 212
6088 211
6089 212
6090 214
6091 211
6092 215
6093 212
6094 213
6095 213
6096 214
6097 212
6098 211
6099 212
6100 214
6101 211
6102 216
6103 211
6104 212
6105 210
6106 213
6107 212
6108 213
6109 214
6110 215
6111 190
6112 213
6113 214
6114 213
6115 212
6116 211
6117 211
6118 214
6119 210
6120 210
6121 211
6122 192
6123 213
6124 213
6125 213
6126 212
6127 212
6128 211
6129 213
6130 214
6131 214
6132 211
6133 214
6134 212
6135 215
6136 215
6137 210
6138 211
6139 213
6140 213
6141 212
6142 229
6143 435
6144 352
6145 383
6146 492
6147 296
6148 307
6149 212
6150 213
6151 213
6152 215
6153 211
6154 212
6155 213
6156 212
6157 213
6158 213
6159 212
6160 213
6161 214
6162 213
6163 214
6164 213
6165 213
6166 213
6167 210
6168 211
6169 212
6170 212
6171 212
6172 212
6173 213
6174 213
6175 213
6176 213
6177 213
6178 214
6179 212
6180 211
6181 211
6182 213
6183 215
6184 212
6185 211
6186 213
6187 213
6188 192
6189 212
6190 216
6191 215
6192 214
6193 213
6194 213
6195 212
6196 212
6197 212
6198 212
6199 212
6200 213
6201 215
6202 215
6203 214
6204 210
6205 211
6206 214
6207 322
6208 276
6209 212
6210 214
6211 214
6212 213
6213 214
6214 215
6215 213
6216 214
6217 189
6218 212
6219 215
6220 213
6221 254
6222 481
6223 425
6224 375
6225 752
6226 214
6227 215
6228 213
6229 214
6230 215
6231 214
6232 210
6233 213
6234 212
6235 212
6236 212
6237 216
6238 212
6239 212
6240 214
6241 214
6242 214
6243 211
6244 212
6245 213
6246 211
6247 213
6248 214
6249 248
6250 219
6251 216
6252 220
6253 217
6254 221
6255 217
6256 219
6257 216
6258 218
6259 218
6260 215
6261 215
6262 219
6263 195
6264 219
6265 218
6266 220
6267 217
6268 217
6269 218
6270 216
6271 217
6272 208
6273 219
6274 194
6275 218
6276 217
6277 215
6278 248
6279 215
6280 218
6281 219
6282 196
6283 214
6284 218
6285 219
6286 215
6287 219
6288 193
6289 218
6290 217
6291 218
6292 217
6293 374
6294 376
6295 409
6296 392
6297 564
6298 302
6299 217
6300 217
6301 219
6302 218
6303 209
6304 216
6305 217
6306 221
6307 209
6308 217
6309 219
6310 219
6311 218
6312 200
6313 214
6314 216
6315 217
6316 220
6317 220
6318 221
6319 220
6320 217
6321 216
6322 217
6323 217
6324 219
6325 220
6326 217
6327 216
6328 219
6329 216
6330 218
6331 219
6332 217
6333 222
6334 221
6335 218
6336 217
6337 217
6338 217
6339 217
6340 216
6341 216
6342 216
6343 217
6344 218
6345 220
6346 219
6347 217
6348 218
6349 220
6350 215
6351 217
6352 220
6353 219
6354 217
6355 218
6356 221
6357 217
6358 217
6359 217
6360 215
6361 217
6362 218
6363 218
6364 216
6365 216
6366 348
6367 323
6368 218
6369 409
6370 222
6371 359
6372 218
6373 219
6374 220
6375 215
6376 216
6377 216
6378 217
6379 217
6380 216
6381 404
6382 217
6383 218
6384 216
6385 218
6386 218
6387 219
6388 216
6389 220
6390 216
6391 218
6392 214
6393 216
6394 216
6395 218
6396 214
6397 219
6398 219
6399 218
6400 216
6401 215
6402 218
6403 218
6404 217
6405 217
6406 216
6407 216
6408 221
6409 219
6410 214
6411 217
6412 216
6413 218
6414 215
6415 217
6416 218
6417 220
6418 219
6419 218
6420 216
6421 218
6422 218
6423 218
6424 220
6425 215
6426 215
6427 219
6428 220
6429 223
6430 217
6431 218
6432 217
6433 218
6434 219
6435 218
6436 217
6437 217
6438 217
6439 218
6440 216
6441 214
6442 216
6443 298
6444 255
6445 213
6446 409
6447 217
6448 629
6449 220
6450 219
6451 218
6452 219
6453 219
6454 221
6455 218
6456 215
6457 219
6458 218
6459 220
6460 528
6461 199
6462 218
6463 216
6464 218
6465 217
6466 217
6467 215
6468 220
6469 217
6470 219
6471 378
6472 218
6473 218
6474 216
6475 209
6476 217
6477 216
6478 219
6479 217
6480 219
6481 220
6482 218
6483 218
6484 217
6485 218
6486 219
6487 217
6488 219
6489 216
6490 218
6491 219
6492 217
6493 219
6494 217
6495 217
6496 220
6497 218
6498 216
6499 217
6500 216
6501 218
6502 218
6503 218
6504 219
6505 194
6506 219
6507 211
6508 215
6509 219
6510 218
6511 220
6512 217
6513 217
6514 218
6515 216
6516 484
6517 473
6518 345
6519 218
6520 356
6521 584
6522 338
6523 385
6524 264
6525 217
6526 215
6527 219
6528 217
6529 216
6530 216
6531 215
6532 220
6533 219
6534 217
6535 217
6536 391
6537 222
6538 312
6539 262
6540 220
6541 219
6542 217
6543 217
6544 216
6545 217
6546 217
6547 216
6548 215
6549 218
6550 218
6551 216
6552 197
6553 218
6554 215
6555 217
6556 220
6557 197
6558 219
6559 216
6560 219
6561 217
6562 217
6563 194
6564 217
6565 216
6566 218
6567 220
6568 217
6569 218
6570 219
6571 218
6572 219
6573 218
6574 217
6575 195
6576 217
6577 219
6578 219
6579 216
6580 219
6581 218
6582 217
6583 215
6584 218
6585 219
6586 221
6587 217
6588 218
6589 313
6590 318
6591 366
6592 410
6593 313
6594 218
6595 218
6596 215
6597 218
6598 215
6599 217
6600 216
6601 220
6602 217
6603 217
6604 218
6605 208
6606 218
6607 218
6608 218
6609 218
6610 217
6611 216
6612 221
6613 217
6614 219
6615 218
6616 218
6617 219
6618 217
6619 217
6620 218
6621 219
6622 218
6623 216
6624 216
6625 220
6626 219
6627 218
6628 218
6629 217
6630 216
6631 216
6632 200
6633 220
6634 215
6635 217
6636 196
6637 220
6638 219
6639 218
6640 217
6641 218
6642 202
6643 219
6644 216
6645 219
6646 195
6647 196
6648 219
6649 220
6650 218
6651 217
6652 219
6653 217
6654 216
6655 217
6656 215
6657 220
6658 194
6659 220
6660 222
6661 218
6662 196
6663 216
6664 220
6665 218
6666 285
6667 397
6668 298
6669 196
6670 216
6671 216
6672 215
6673 326
6674 219
6675 408
6676 631
6677 410
6678 507
6679 218
6680 217
6681 216
6682 217
6683 219
6684 217
6685 217
6686 220
6687 216
6688 218
6689 217
6690 217
6691 401
6692 197
6693 349
6694 217
6695 220
6696 213
6697 218
6698 214
6699 216
6700 211
6701 216
6702 219
6703 218
6704 221
6705 217
6706 217
6707 219
6708 218
6709 217
6710 216
6711 218
6712 215
6713 217
6714 197
6715 197
6716 217
6717 219
6718 214
6719 218
6720 218
6721 217
6722 218
6723 217
6724 216
6725 216
6726 219
6727 216
6728 218
6729 221
6730 219
6731 218
6732 218
6733 221
6734 218
6735 219
6736 366
6737 260
6738 196
6739 509
6740 538
6741 675
6742 483
6743 475
6744 219
6745 311
6746 218
6747 218
6748 218
6749 217
6750 419
6751 216
6752 220
6753 308
6754 220
6755 498
6756 217
6757 222
6758 219
6759 217
6760 217
6761 216
6762 506
6763 730
6764 326
6765 307
6766 219
6767 257
6768 340
6769 326
6770 342
6771 440
6772 264
6773 216
6774 218
6775 216
6776 220
6777 243
6778 221
6779 220
6780 215
6781 219
6782 218
6783 218
6784 217
6785 218
6786 222
6787 221
6788 218
6789 217
6790 218
6791 219
6792 218
6793 216
6794 295
6795 568
6796 456
6797 338
6798 216
6799 216
6800 218
6801 219
6802 219
6803 217
6804 219
6805 218
6806 219
6807 218
6808 218
6809 215
6810 218
6811 281
6812 217
6813 476
6814 404
6815 355
6816 639
6817 316
6818 217
6819 218
6820 222
6821 216
6822 216
6823 217
6824 218
6825 217
6826 217
6827 218
6828 216
6829 400
6830 218
6831 306
6832 318
6833 199
6834 220
6835 217
6836 216
6837 215
6838 218
6839 217
6840 220
6841 219
6842 219
6843 219
6844 218
6845 218
6846 218
6847 217
6848 219
6849 217
6850 219
6851 218
6852 223
6853 436
6854 462
6855 180
6856 352
6857 217
6858 277
6859 218
6860 219
6861 219
6862 215
6863 413
6864 218
6865 501
6866 551
6867 488
6868 493
6869 218
6870 219
6871 221
6872 217
6873 219
6874 219
6875 218
6876 220
6877 194
6878 217
6879 220
6880 218
6881 217
6882 216
6883 220
6884 218
6885 222
6886 216
6887 196
6888 200
6889 219
6890 216
6891 217
6892 220
6893 217
6894 216
6895 216
6896 208
6897 209
6898 216
6899 217
6900 217
6901 222
6902 220
6903 196
6904 217
6905 220
6906 221
6907 216
6908 217
6909 218
6910 215
6911 217
6912 217
6913 216
6914 218
6915 217
6916 218
6917 217
6918 400
6919 216
6920 216
6921 218
6922 217
6923 215
6924 218
6925 331
6926 216
6927 296
6928 217
6929 218
6930 218
6931 217
6932 218
6933 214
6934 218
6935 460
6936 464
6937 834
6938 242
6939 217
6940 216
6941 217
6942 220
6943 218
6944 218
6945 216
6946 195
6947 218
6948 216
6949 216
6950 195
6951 217
6952 217
6953 217
6954 219
6955 219
6956 217
6957 215
6958 218
6959 224
6960 218
6961 220
6962 217
6963 457
6964 273
6965 217
6966 217
6967 216
6968 220
6969 220
6970 218
6971 216
6972 219
6973 217
6974 217
6975 216
6976 220
6977 218
6978 218
6979 217
6980 220
6981 217
6982 219
6983 217
6984 216
6985 216
6986 217
6987 219
6988 219
6989 218
6990 218
6991 217
6992 218
6993 216
6994 219
6995 218
6996 219
6997 217
6998 215
6999 202
7000 218
7001 219
7002 218
7003 219
7004 219
7005 260
7006 331
7007 213
7008 471
7009 438
7010 680
7011 313
7012 218
7013 220
7014 216
7015 218
7016 219
7017 216
7018 219
7019 217
7020 215
7021 218
7022 218
7023 217
7024 219
7025 219
7026 215
7027 218
7028 215
7029 181
7030 222
7031 221
7032 216
7033 218
7034 217
7035 218
7036 208
7037 218
7038 217
7039 196
7040 215
7041 218
7042 218
7043 219
7044 216
7045 217
7046 216
7047 220
7048 218
7049 216
7050 219
7051 215
7052 197
7053 220
7054 218
7055 216
7056 219
7057 218
7058 217
7059 221
7060 218
7061 219
7062 217
7063 219
7064 219
7065 221
7066 220
7067 221
7068 218
7069 219
7070 193
7071 217
7072 218
7073 217
7074 220
7075 217
7076 218
7077 219
7078 540
7079 374
7080 217
7081 219
7082 618
7083 221
7084 558
7085 385
7086 264
7087 221
7088 217
7089 217
7090 217
7091 219
7092 215
7093 217
7094 218
7095 222
7096 218
7097 223
7098 221
7099 220
7100 223
7101 222
7102 221
7103 219
7104 218
7105 219
7106 219
7107 221
7108 217
7109 383
7110 220
7111 216
7112 223
7113 220
7114 216
7115 215
7116 220
7117 221
7118 220
7119 196
7120 220
7121 216
7122 218
7123 218
7124 219
7125 218
7126 219
7127 218
7128 215
7129 218
7130 216
7131 220
7132 219
7133 221
7134 219
7135 217
7136 220
7137 217
7138 217
7139 218
7140 220
7141 217
7142 213
7143 220
7144 228
7145 215
7146 216
7147 217
7148 211
7149 219
7150 218
7151 352
7152 218
7153 306
7154 545
7155 397
7156 490
7157 372
7158 218
7159 217
7160 232
7161 300
7162 219
7163 216
7164 217
7165 221
7166 221
7167 216
7168 217
7169 216
7170 219
7171 218
7172 198
7173 220
7174 215
7175 221
7176 217
7177 218
7178 217
7179 216
7180 216
7181 220
7182 218
7183 216
7184 221
7185 216
7186 221
7187 220
7188 217
7189 218
7190 222
7191 217
7192 218
7193 216
7194 218
7195 222
7196 218
7197 222
7198 220
7199 218
7200 170
7201 221
7202 221
7203 236
7204 222
7205 221
7206 218
7207 216
7208 218
7209 219
7210 218
7211 223
7212 220
7213 221
7214 240
7215 219
7216 220
7217 223
7218 218
7219 216
7220 231
7221 219
7222 221
7223 223
7224 217
7225 194
7226 294
7227 657
7228 379
7229 494
7230 497
7231 220
7232 217
7233 218
7234 215
7235 221
7236 222
7237 219
7238 217
7239 216
7240 216
7241 219
7242 324
7243 218
7244 219
7245 218
7246 217
7247 219
7248 218
7249 215
7250 219
7251 218
7252 221
7253 218
7254 216
7255 218
7256 217
7257 217
7258 219
7259 220
7260 218
7261 220
7262 217
7263 218
7264 217
7265 219
7266 217
7267 220
7268 219
7269 218
7270 220
7271 219
7272 220
7273 219
7274 220
7275 226
7276 222
7277 224
7278 222
7279 220
7280 220
7281 219
7282 224
7283 216
7284 221
7285 220
7286 195
7287 219
7288 217
7289 221
7290 219
7291 220
7292 218
7293 182
7294 189
7295 219
7296 219
7297 217
7298 318
7299 220
7300 391
7301 654
7302 400
7303 651
7304 446
7305 220
7306 217
7307 217
7308 196
7309 216
7310 220
7311 216
7312 216
7313 219
7314 196
7315 194
7316 196
7317 214
7318 220
7319 218
7320 227
7321 221
7322 216
7323 221
7324 224
7325 222
7326 221
7327 217
7328 219
7329 218
7330 218
7331 216
7332 221
7333 219
7334 210
7335 217
7336 216
7337 217
7338 217
7339 222
7340 220
7341 215
7342 217
7343 218
7344 219
7345 217
7346 220
7347 219
7348 218
7349 219
7350 217
7351 217
7352 217
7353 223
7354 218
7355 217
7356 218
7357 218
7358 218
7359 217
7360 217
7361 218
7362 218
7363 216
7364 217
7365 221
7366 217
7367 219
7368 217
7369 221
7370 395
7371 304
7372 345
7373 513
7374 478
7375 507
7376 596
7377 218
7378 217
7379 217
7380 216
7381 217
7382 219
7383 217
7384 222
7385 220
7386 218
7387 401
7388 198
7389 217
7390 219
7391 216
7392 216
7393 218
7394 218
7395 220
7396 217
7397 218
7398 218
7399 197
7400 216
7401 198
7402 219
7403 218
7404 218
7405 430
7406 481
7407 218
7408 218
7409 217
7410 219
7411 218
7412 217
7413 222
7414 217
7415 196
7416 219
7417 217
7418 217
7419 219
7420 216
7421 218
7422 219
7423 220
7424 216
7425 218
7426 195
7427 218
7428 218
7429 197
7430 217
7431 218
7432 218
7433 221
7434 221
7435 220
7436 219
7437 219
7438 220
7439 222
7440 465
7441 475
7442 399
7443 845
7444 261
7445 216
7446 217
7447 217
7448 220
7449 219
7450 218
7451 217
7452 220
7453 221
7454 219
7455 230
7456 217
7457 199
7458 219
7459 222
7460 216
7461 233
7462 223
7463 224
7464 219
7465 221
7466 219
7467 218
7468 219
7469 219
7470 221
7471 219
7472 219
7473 220
7474 217
7475 218
7476 221
7477 217
7478 197
7479 219
7480 214
7481 218
7482 222
7483 217
7484 220
7485 218
7486 198
7487 230
7488 182
7489 217
7490 222
7491 223
7492 219
7493 216
7494 221
7495 215
7496 218
7497 220
7498 217
7499 217
7500 222
7501 218
7502 218
7503 218
7504 218
7505 219
7506 221
7507 228
7508 227
7509 218
7510 218
7511 222
7512 449
7513 218
7514 575
7515 608
7516 411
7517 588
7518 306
7519 220
7520 217
7521 216
7522 217
7523 217
7524 217
7525 215
7526 219
7527 220
7528 221
7529 218
7530 216
7531 217
7532 216
7533 217
7534 219
7535 217
7536 217
7537 218
7538 219
7539 218
7540 218
7541 218
7542 198
7543 222
7544 220
7545 220
7546 217
7547 199
7548 225
7549 222
7550 223
7551 221
7552 222
7553 221
7554 217
7555 220
7556 220
7557 218
7558 219
7559 217
7560 196
7561 220
7562 218
7563 219
7564 219
7565 195
7566 194
7567 222
7568 198
7569 217
7570 216
7571 195
7572 217
7573 217
7574 215
7575 216
7576 223
7577 217
7578 220
7579 215
7580 216
7581 215
7582 415
7583 217
7584 220
7585 354
7586 443
7587 459
7588 439
7589 219
7590 217
7591 219
7592 217
7593 220
7594 222
7595 216
7596 218
7597 217
7598 215
7599 226
7600 219
7601 220
7602 224
7603 219
7604 220
7605 222
7606 222
7607 220
7608 218
7609 197
7610 218
7611 222
7612 219
7613 219
7614 219
7615 222
7616 221
7617 220
7618 224
7619 215
7620 220
7621 217
7622 218
7623 218
7624 217
7625 218
7626 218
7627 219
7628 220
7629 216
7630 216
7631 218
7632 217
7633 216
7634 218
7635 215
7636 218
7637 216
7638 217
7639 217
7640 217
7641 219
7642 217
7643 217
7644 221
7645 220
7646 220
7647 220
7648 219
7649 218
7650 220
7651 220
7652 223
7653 223
7654 335
7655 221
7656 403
7657 221
7658 217
7659 219
7660 217
7661 216
7662 201
7663 221
7664 217
7665 220
7666 217
7667 217
7668 219
7669 219
7670 216
7671 217
7672 219
7673 218
7674 216
7675 218
7676 215
7677 216
7678 218
7679 199
7680 216
7681 218
7682 218
7683 217
7684 218
7685 220
7686 219
7687 218
7688 219
7689 218
7690 215
7691 222
7692 225
7693 216
7694 324
7695 461
7696 220
7697 197
7698 218
7699 221
7700 217
7701 221
7702 215
7703 218
7704 218
7705 218
7706 220
7707 214
7708 220
7709 460
7710 414
7711 216
7712 217
7713 217
7714 219
7715 217
7716 202
7717 216
7718 195
7719 218
7720 218
7721 218
7722 218
7723 411
7724 218
7725 218
7726 217
7727 218
7728 218
7729 213
7730 342
7731 220
7732 217
7733 217
7734 218
7735 216
7736 218
7737 219
7738 217
7739 338
7740 217
7741 217
7742 220
7743 218
7744 219
7745 215
7746 216
7747 220
7748 217
7749 216
7750 221
7751 216
7752 219
7753 220
7754 220
7755 220
7756 221
7757 218
7758 219
7759 219
7760 195
7761 221
7762 223
7763 218
7764 198
7765 221
7766 219
7767 217
7768 220
7769 328
7770 218
7771 217
7772 219
7773 215
7774 216
7775 219
7776 193
7777 218
7778 198
7779 219
7780 216
7781 216
7782 218
7783 219
7784 219
7785 219
7786 225
7787 196
7788 218
7789 217
7790 216
7791 217
7792 216
7793 219
7794 218
7795 195
7796 218
7797 218
7798 218
7799 220
7800 219
7801 216
7802 216
7803 217
7804 218
7805 207
7806 218
7807 219
7808 219
7809 217
7810 216
7811 220
7812 221
7813 217
7814 215
7815 217
7816 217
7817 218
7818 216
7819 217
7820 218
7821 218
7822 216
7823 216
7824 217
7825 216
7826 217
7827 217
7828 217
7829 218
7830 217
7831 221
7832 219
7833 216
7834 217
7835 216
7836 217
7837 217
7838 218
7839 217
7840 216
7841 193
7842 218
7843 218
7844 216
7845 216
7846 219
7847 219
7848 218
7849 214
7850 215
7851 218
7852 214
7853 218
7854 218
7855 217
7856 220
7857 195
7858 218
7859 219
7860 217
7861 217
7862 217
7863 217
7864 220
7865 218
7866 217
7867 195
7868 219
7869 218
7870 217
7871 218
7872 216
7873 296
7874 218
7875 218
7876 217
7877 216
7878 217
7879 216
7880 220
7881 217
7882 219
7883 406
7884 522
7885 220
7886 221
7887 216
7888 195
7889 344
7890 218
7891 356
7892 218
7893 217
7894 215
7895 217
7896 217
7897 218
7898 219
7899 215
7900 217
7901 221
7902 218
7903 218
7904 218
7905 216
7906 217
7907 220
7908 218
7909 216
7910 223
7911 218
7912 221
7913 219
7914 219
7915 196
7916 219
7917 218
7918 220
7919 218
7920 219
7921 219
7922 219
7923 218
7924 218
7925 217
7926 218
7927 216
7928 219
7929 217
7930 219
7931 216
7932 218
7933 218
7934 217
7935 219
7936 216
7937 219
7938 217
7939 217
7940 217
7941 218
7942 217
7943 218
7944 217
7945 219
7946 219
7947 218
7948 216
7949 216
7950 217
7951 218
7952 220
7953 220
7954 217
7955 216
7956 218
7957 215
7958 216
7959 216
7960 422
7961 218
7962 324
7963 220
7964 195
7965 220
7966 216
7967 219
7968 220
7969 220
7970 218
7971 219
7972 216
7973 216
7974 218
7975 219
7976 217
7977 216
7978 215
7979 219
7980 217
7981 220
7982 220
7983 218
7984 220
7985 218
7986 219
7987 218
7988 218
7989 219
7990 220
7991 216
7992 219
7993 218
7994 219
7995 217
7996 216
7997 215
7998 215
7999 217
8000 218
8001 220
8002 218
8003 219
8004 217
8005 217
8006 218
8007 217
8008 219
8009 217
8010 179
8011 220
8012 220
8013 217
8014 218
8015 217
8016 336
8017 218
8018 216
8019 221
8020 216
8021 217
8022 214
8023 218
8024 216
8025 218
8026 218
8027 219
8028 218
8029 218
8030 218
8031 218
8032 338
8033 235
8034 218
8035 218
8036 344
8037 219
8038 217
8039 219
8040 219
8041 218
8042 218
8043 215
8044 200
8045 220
8046 217
8047 219
8048 218
8049 218
8050 338
8051 219
8052 389
8053 215
8054 218
8055 221
8056 221
8057 219
8058 219
8059 216
8060 219
8061 218
8062 218
8063 218
8064 216
8065 217
8066 217
8067 220
8068 218
8069 215
8070 217
8071 217
8072 222
8073 216
8074 215
8075 217
8076 215
8077 220
8078 222
8079 217
8080 218
8081 217
8082 218
8083 218
8084 220
8085 216
8086 215
8087 219
8088 217
8089 219
8090 215
8091 220
8092 217
8093 216
8094 217
8095 218
8096 220
8097 218
8098 218
8099 218
8100 218
8101 197
8102 219
8103 219
8104 201
8105 218
8106 217
8107 217
8108 218
8109 219
8110 219
8111 220
8112 197
8113 216
8114 216
8115 357
8116 220
8117 216
8118 213
8119 216
8120 218
8121 220
8122 220
8123 218
8124 216
8125 220
8126 196
8127 218
8128 216
8129 220
8130 219
8131 217
8132 218
8133 218
8134 219
8135 217
8136 219
8137 220
8138 218
8139 216
8140 215
8141 220
8142 218
8143 217
8144 218
8145 219
8146 216
8147 219
8148 216
8149 216
8150 219
8151 218
8152 219
8153 202
8154 219
8155 221
8156 220
8157 216
8158 219
8159 217
8160 217
8161 217
8162 218
8163 218
8164 219
8165 219
8166 218
8167 216
8168 219
8169 216
8170 221
8171 219
8172 221
8173 217
8174 218
8175 216
8176 221
8177 220
8178 217
8179 214
8180 218
8181 217
8182 221
8183 216
8184 216
8185 217
8186 218
8187 218
8188 219
8189 216
8190 219
8191 218
8192 217
8193 218
8194 218
8195 215
8196 341
8197 216
8198 216
8199 218
8200 217
8201 216
8202 220
8203 219
8204 216
8205 217
8206 197
8207 218
8208 218
8209 217
8210 217
8211 216
8212 218
8213 345
8214 217
8215 468
8216 217
8217 216
8218 217
8219 216
8220 218
8221 218
8222 218
8223 218
8224 217
8225 217
8226 220
8227 217
8228 219
8229 217
8230 217
8231 220
8232 215
8233 217
8234 215
8235 221
8236 196
8237 217
8238 217
8239 216
8240 219
8241 220
8242 217
8243 219
8244 215
8245 217
8246 217
8247 371
8248 273
8249 215
8250 217
8251 218
8252 217
8253 216
8254 219
8255 219
8256 217
8257 218
8258 219
8259 218
8260 218
8261 218
8262 216
8263 215
8264 215
8265 218
8266 219
8267 219
8268 217
8269 221
8270 217
8271 218
8272 215
8273 222
8274 217
8275 217
8276 218
8277 216
8278 215
8279 218
8280 219
8281 218
8282 216
8283 219
8284 217
8285 218
8286 221
8287 200
8288 216
8289 216
8290 215
8291 217
8292 222
8293 218
8294 217
8295 220
8296 217
8297 217
8298 218
8299 217
8300 218
8301 216
8302 218
8303 221
8304 197
8305 215
8306 216
8307 214
8308 219
8309 218
8310 216
8311 218
8312 218
8313 218
8314 216
8315 220
8316 219
8317 216
8318 217
8319 218
8320 217
8321 219
8322 219
8323 218
8324 219
8325 216
8326 219
8327 218
8328 219
8329 219
8330 219
8331 216
8332 218
8333 218
8334 218
8335 219
8336 216
8337 220
8338 218
8339 218
8340 218
8341 218
8342 217
8343 217
8344 218
8345 219
8346 218
8347 217
8348 218
8349 217
8350 215
8351 219
8352 217
8353 219
8354 217
8355 196
8356 214
8357 217
8358 342
8359 220
8360 332
8361 219
8362 219
8363 218
8364 216
8365 218
8366 216
8367 219
8368 219
8369 218
8370 217
8371 219
8372 221
8373 217
8374 217
8375 217
8376 408
8377 217
8378 414
8379 218
8380 217
8381 218
8382 207
8383 218
8384 216
8385 219
8386 197
8387 219
8388 216
8389 225
8390 219
8391 198
8392 217
8393 218
8394 217
8395 218
8396 218
8397 219
8398 218
8399 217
8400 218
8401 220
8402 219
8403 218
8404 217
8405 195
8406 220
8407 218
8408 217
8409 218
8410 220
8411 219
8412 218
8413 218
8414 219
8415 216
8416 221
8417 218
8418 219
8419 217
8420 220
8421 217
8422 200
8423 219
8424 217
8425 216
8426 216
8427 219
8428 221
8429 215
8430 218
8431 217
8432 219
8433 215
8434 195
8435 216
8436 215
8437 218
8438 215
8439 217
8440 217
8441 218
8442 221
8443 217
8444 218
8445 221
8446 217
8447 215
8448 219
8449 217
8450 219
8451 217
8452 217
8453 218
8454 218
8455 219
8456 217
8457 219
8458 194
8459 218
8460 218
8461 217
8462 214
8463 216
8464 217
8465 218
8466 219
8467 217
8468 218
8469 217
8470 222
8471 217
8472 220
8473 219
8474 218
8475 181
8476 216
8477 218
8478 218
8479 197
8480 220
8481 218
8482 219
8483 217
8484 215
8485 213
8486 221
8487 217
8488 217
8489 222
8490 217
8491 220
8492 217
8493 217
8494 217
8495 220
8496 219
8497 216
8498 217
8499 216
8500 216
8501 219
8502 218
8503 217
8504 218
8505 218
8506 218
8507 218
8508 216
8509 220
8510 197
8511 217
8512 216
8513 219
8514 218
8515 216
8516 214
8517 219
8518 218
8519 220
8520 196
8521 217
8522 323
8523 220
8524 219
8525 217
8526 216
8527 217
8528 218
8529 219
8530 219
8531 219
8532 216
8533 221
8534 218
8535 218
8536 218
8537 218
8538 218
8539 216
8540 217
8541 220
8542 417
8543 218
8544 307
8545 274
8546 221
8547 217
8548 220
8549 217
8550 217
8551 217
8552 217
8553 219
8554 220
8555 219
8556 220
8557 218
8558 218
8559 215
8560 216
8561 219
8562 216
8563 220
8564 217
8565 217
8566 217
8567 217
8568 221
8569 218
8570 221
8571 217
8572 218
8573 216
8574 219
8575 219
8576 218
8577 214
8578 195
8579 219
8580 219
8581 219
8582 219
8583 219
8584 218
8585 217
8586 217
8587 222
8588 219
8589 221
8590 219
8591 218
8592 216
8593 217
8594 219
8595 217
8596 195
8597 215
8598 218
8599 219
8600 221
8601 217
8602 218
8603 218
8604 218
8605 218
8606 218
8607 220
8608 217
8609 217
8610 217
8611 217
8612 215
8613 215
8614 218
8615 216
8616 217
8617 218
8618 221
8619 331
8620 218
8621 219
8622 218
8623 217
8624 218
8625 217
8626 219
8627 216
8628 218
8629 216
8630 221
8631 220
8632 220
8633 214
8634 218
8635 220
8636 218
8637 215
8638 216
8639 217
8640 221
8641 217
8642 219
8643 219
8644 215
8645 219
8646 217
8647 220
8648 220
8649 220
8650 219
8651 220
8652 215
8653 219
8654 218
8655 217
8656 196
8657 216
8658 218
8659 216
8660 218
8661 219
8662 217
8663 220
8664 216
8665 216
8666 183
8667 220
8668 217
8669 220
8670 216
8671 218
8672 212
8673 217
8674 219
8675 218
8676 219
8677 215
8678 216
8679 222
8680 217
8681 220
8682 217
8683 221
8684 215
8685 277
8686 222
8687 219
8688 219
8689 217
8690 165
8691 215
8692 219
8693 196
8694 218
8695 217
8696 203
8697 217
8698 220
8699 217
8700 220
8701 217
8702 220
8703 220
8704 215
8705 218
8706 343
8707 219
8708 296
8709 263
8710 219
8711 215
8712 219
8713 216
8714 197
8715 216
8716 218
8717 218
8718 192
8719 217
8720 218
8721 216
8722 216
8723 222
8724 218
8725 221
8726 216
8727 217
8728 217
8729 216
8730 219
8731 216
8732 217
8733 218
8734 218
8735 218
8736 217
8737 218
8738 220
8739 195
8740 218
8741 217
8742 219
8743 217
8744 218
8745 200
8746 215
8747 218
8748 217
8749 219
8750 218
8751 219
8752 221
8753 219
8754 217
8755 197
8756 218
8757 217
8758 220
8759 217
8760 207
8761 220
8762 217
8763 217
8764 219
8765 216
8766 219
8767 217
8768 214
8769 217
8770 219
8771 194
8772 216
8773 216
8774 216
8775 217
8776 218
8777 217
8778 217
8779 215
8780 216
8781 219
8782 218
8783 217
8784 216
8785 223
8786 215
8787 217
8788 218
8789 216
8790 214
8791 218
8792 329
8793 216
8794 195
8795 217
8796 217
8797 218
8798 218
8799 217
8800 215
8801 219
8802 217
8803 217
8804 217
8805 216
8806 216
8807 218
8808 218
8809 216
8810 215
8811 219
8812 218
8813 217
8814 218
8815 217
8816 220
8817 217
8818 217
8819 220
8820 217
8821 216
8822 219
8823 218
8824 217
8825 216
8826 219
8827 216
8828 217
8829 217
8830 220
8831 217
8832 218
8833 217
8834 217
8835 217
8836 219
8837 217
8838 217
8839 218
8840 219
8841 216
8842 198
8843 218
8844 219
8845 217
8846 216
8847 216
8848 220
8849 179
8850 196
8851 218
8852 216
8853 196
8854 218
8855 218
8856 219
8857 218
8858 219
8859 219
8860 218
8861 216
8862 218
8863 215
8864 218
8865 217
8866 219
8867 216
8868 218
8869 218
8870 216
8871 424
8872 195
8873 414
8874 221
8875 215
8876 216
8877 217
8878 218
8879 216
8880 216
8881 219
8882 219
8883 217
8884 222
8885 216
8886 218
8887 217
8888 218
8889 218
8890 217
8891 219
8892 218
8893 219
8894 218
8895 216
8896 216
8897 219
8898 219
8899 216
8900 217
8901 219
8902 215
8903 220
8904 220
8905 218
8906 217
8907 217
8908 198
8909 218
8910 218
8911 218
8912 221
8913 217
8914 216
8915 218
8916 216
8917 217
8918 217
8919 216
8920 216
8921 179
8922 216
8923 217
8924 218
8925 218
8926 216
8927 216
8928 218
8929 196
8930 196
8931 219
8932 216
8933 217
8934 216
8935 216
8936 218
8937 217
8938 218
8939 216
8940 218
8941 218
8942 218
8943 220
8944 216
8945 219
8946 220
8947 221
8948 222
8949 213
8950 219
8951 216
8952 218
8953 218
8954 215
8955 221
8956 217
8957 218
8958 222
8959 216
8960 219
8961 216
8962 217
8963 220
8964 222
8965 218
8966 216
8967 219
8968 216
8969 196
8970 222
8971 196
8972 216
8973 218
8974 217
8975 219
8976 215
8977 219
8978 218
8979 201
8980 213
8981 218
8982 218
8983 216
8984 156
8985 214
8986 217
8987 220
8988 211
8989 220
8990 219
8991 218
8992 199
8993 216
8994 217
8995 214
8996 216
8997 216
8998 216
8999 217
9000 218
9001 218
9002 219
9003 222
9004 197
9005 219
9006 218
9007 216
9008 221
9009 205
9010 217
9011 218
9012 217
9013 217
9014 218
9015 216
9016 216
9017 217
9018 218
9019 216
9020 218
9021 217
9022 219
9023 215
9024 218
9025 218
9026 215
9027 218
9028 216
9029 214
9030 196
9031 218
9032 216
9033 197
9034 217
9035 217
9036 218
9037 338
9038 218
9039 345
9040 218
9041 217
9042 217
9043 217
9044 219
9045 219
9046 218
9047 214
9048 218
9049 219
9050 220
9051 219
9052 216
9053 220
9054 215
9055 217
9056 218
9057 219
9058 217
9059 218
9060 210
9061 216
9062 195
9063 195
9064 220
9065 244
9066 193
9067 209
9068 208
9069 210
9070 207
9071 211
9072 209
9073 209
9074 209
9075 209
9076 208
9077 188
9078 210
9079 206
9080 210
9081 210
9082 208
9083 209
9084 205
9085 208
9086 208
9087 208
9088 211
9089 208
9090 207
9091 210
9092 208
9093 208
9094 209
9095 209
9096 206
9097 207
9098 210
9099 208
9100 208
9101 208
9102 209
9103 209
9104 209
9105 209
9106 194
9107 208
9108 209
9109 207
9110 210
9111 207
9112 208
9113 188
9114 209
9115 209
9116 211
9117 209
9118 208
9119 209
9120 210
9121 209
9122 211
9123 210
9124 207
9125 206
9126 207
9127 207
9128 206
9129 198
9130 210
9131 209
9132 209
9133 208
9134 208
9135 171
9136 208
9137 209
9138 209
9139 209
9140 209
9141 207
9142 213
9143 208
9144 208
9145 207
9146 209
9147 206
9148 239
9149 207
9150 208
9151 205
9152 209
9153 207
9154 210
9155 209
9156 207
9157 210
9158 209
9159 212
9160 211
9161 209
9162 208
9163 205
9164 187
9165 210
9166 208
9167 209
9168 210
9169 207
9170 208
9171 398
9172 298
9173 213
9174 209
9175 206
9176 208
9177 207
9178 208
9179 208
9180 188
9181 188
9182 208
9183 208
9184 209
9185 342
9186 375
9187 211
9188 209
9189 208
9190 189
9191 207
9192 207
9193 207
9194 208
9195 210
9196 210
9197 208
9198 212
9199 208
9200 211
9201 207
9202 206
9203 210
9204 208
9205 206
9206 206
9207 405
9208 208
9209 401
9210 208
9211 207
9212 208
9213 208
9214 207
9215 207
9216 208
9217 208
9218 205
9219 209
9220 207
9221 208
9222 210
9223 209
9224 207
9225 189
9226 207
9227 206
9228 208
9229 208
9230 209
9231 208
9232 209
9233 209
9234 209
9235 174
9236 213
9237 208
9238 206
9239 209
9240 207
9241 207
9242 211
9243 208
9244 208
9245 209
9246 209
9247 207
9248 186
9249 210
9250 208
9251 208
9252 209
9253 209
9254 208
9255 209
9256 209
9257 208
9258 191
9259 208
9260 210
9261 208
9262 206
9263 188
9264 208
9265 207
9266 207
9267 210
9268 207
9269 212
9270 209
9271 206
9272 210
9273 207
9274 211
9275 209
9276 209
9277 209
9278 210
9279 209
9280 209
9281 207
9282 209
9283 209
9284 208
9285 207
9286 207
9287 209
9288 209
9289 208
9290 208
9291 211
9292 210
9293 188
9294 207
9295 209
9296 207
9297 209
9298 208
9299 206
9300 208
9301 206
9302 209
9303 208
9304 208
9305 208
9306 209
9307 209
9308 207
9309 207
9310 207
9311 206
9312 192
9313 208
9314 206
9315 209
9316 208
9317 209
9318 208
9319 208
9320 209
9321 208
9322 209
9323 209
9324 208
9325 208
9326 209
9327 211
9328 210
9329 207
9330 207
9331 210
9332 208
9333 208
9334 206
9335 208
9336 209
9337 208
9338 206
9339 209
9340 208
9341 346
9342 210
9343 207
9344 210
9345 210
9346 187
9347 209
9348 209
9349 209
9350 188
9351 210
9352 208
9353 207
9354 208
9355 302
9356 308
9357 443
9358 331
9359 256
9360 211
9361 207
9362 211
9363 210
9364 208
9365 209
9366 317
9367 210
9368 206
9369 212
9370 212
9371 190
9372 211
9373 209
9374 210
9375 209
9376 208
9377 206
9378 402
9379 210
9380 402
9381 208
9382 206
9383 186
9384 205
9385 208
9386 206
9387 210
9388 210
9389 210
9390 206
9391 209
9392 208
9393 208
9394 209
9395 208
9396 207
9397 210
9398 210
9399 209
9400 209
9401 206
9402 207
9403 207
9404 209
9405 187
9406 208
9407 208
9408 209
9409 208
9410 208
9411 208
9412 208
9413 208
9414 211
9415 207
9416 207
9417 209
9418 206
9419 207
9420 206
9421 187
9422 209
9423 207
9424 208
9425 191
9426 207
9427 206
9428 208
9429 208
9430 208
9431 208
9432 207
9433 189
9434 189
9435 208
9436 208
9437 206
9438 205
9439 208
9440 208
9441 208
9442 204
9443 209
9444 206
9445 209
9446 208
9447 207
9448 207
9449 207
9450 212
9451 211
9452 210
9453 206
9454 212
9455 208
9456 209
9457 171
9458 211
9459 209
9460 209
9461 208
9462 210
9463 210
9464 208
9465 207
9466 207
9467 210
9468 211
9469 207
9470 208
9471 210
9472 212
9473 209
9474 204
9475 208
9476 209
9477 210
9478 208
9479 208
9480 208
9481 208
9482 210
9483 207
9484 208
9485 208
9486 208
9487 208
9488 207
9489 204
9490 210
9491 209
9492 207
9493 212
9494 207
9495 206
9496 208
9497 210
9498 207
9499 208
9500 186
9501 208
9502 208
9503 208
9504 208
9505 207
9506 209
9507 208
9508 208
9509 319
9510 208
9511 209
9512 205
9513 209
9514 206
9515 209
9516 210
9517 207
9518 209
9519 207
9520 207
9521 209
9522 210
9523 209
9524 399
9525 208
9526 208
9527 207
9528 207
9529 205
9530 209
9531 211
9532 208
9533 188
9534 205
9535 209
9536 209
9537 206
9538 210
9539 206
9540 186
9541 208
9542 209
9543 209
9544 209
9545 348
9546 207
9547 208
9548 400
9549 209
9550 210
9551 209
9552 208
9553 207
9554 210
9555 200
9556 208
9557 208
9558 207
9559 205
9560 206
9561 209
9562 209
9563 208
9564 209
9565 186
9566 201
9567 207
9568 206
9569 208
9570 206
9571 208
9572 186
9573 212
9574 207
9575 206
9576 207
9577 209
9578 209
9579 213
9580 207
9581 202
9582 187
9583 211
9584 207
9585 207
9586 207
9587 211
9588 210
9589 208
9590 207
9591 209
9592 207
9593 190
9594 210
9595 208
9596 208
9597 185
9598 211
9599 207
9600 206
9601 207
9602 210
9603 185
9604 209
9605 208
9606 208
9607 209
9608 206
9609 207
9610 211
9611 210
9612 209
9613 207
9614 209
9615 210
9616 189
9617 206
9618 208
9619 207
9620 207
9621 205
9622 207
9623 209
9624 213
9625 209
9626 206
9627 208
9628 208
9629 209
9630 208
9631 208
9632 206
9633 207
9634 205
9635 208
9636 207
9637 208
9638 207
9639 210
9640 205
9641 211
9642 208
9643 207
9644 207
9645 208
9646 206
9647 209
9648 210
9649 208
9650 208
9651 206
9652 208
9653 208
9654 209
9655 207
9656 209
9657 187
9658 206
9659 208
9660 206
9661 170
9662 208
9663 210
9664 209
9665 211
9666 207
9667 207
9668 206
9669 207
9670 208
9671 209
9672 206
9673 211
9674 208
9675 211
9676 209
9677 212
9678 212
9679 208
9680 208
9681 316
9682 208
9683 211
9684 207
9685 207
9686 209
9687 209
9688 207
9689 207
9690 209
9691 207
9692 207
9693 209
9694 208
9695 339
9696 503
9697 210
9698 210
9699 208
9700 210
9701 202
9702 207
9703 206
9704 208
9705 206
9706 206
9707 206
9708 210
9709 255
9710 189
9711 209
9712 208
9713 210
9714 208
9715 213
9716 208
9717 411
9718 210
9719 430
9720 210
9721 210
9722 207
9723 208
9724 207
9725 207
9726 207
9727 194
9728 210
9729 206
9730 207
9731 209
9732 209
9733 207
9734 208
9735 205
9736 208
9737 208
9738 209
9739 207
9740 210
9741 206
9742 208
9743 206
9744 208
9745 209
9746 208
9747 207
9748 209
9749 210
9750 206
9751 209
9752 210
9753 207
9754 208
9755 208
9756 209
9757 210
9758 208
9759 208
9760 206
9761 187
9762 200
9763 186
9764 209
9765 209
9766 207
9767 210
9768 207
9769 209
9770 190
9771 210
9772 207
9773 208
9774 209
9775 211
9776 207
9777 208
9778 210
9779 208
9780 207
9781 210
9782 208
9783 213
9784 209
9785 208
9786 207
9787 207
9788 207
9789 186
9790 207
9791 208
9792 191
9793 208
9794 209
9795 207
9796 210
9797 211
9798 209
9799 209
9800 210
9801 209
9802 206
9803 188
9804 206
9805 206
9806 207
9807 209
9808 208
9809 209
9810 208
9811 208
9812 210
9813 294
9814 185
9815 208
9816 208
9817 209
9818 209
9819 209
9820 209
9821 208
9822 209
9823 206
9824 205
9825 208
9826 208
9827 183
9828 211
9829 208
9830 206
9831 209
9832 189
9833 207
9834 208
9835 207
9836 208
9837 209
9838 206
9839 209
9840 208
9841 208
9842 205
9843 207
9844 205
9845 208
9846 206
9847 207
9848 210
9849 208
9850 321
9851 211
9852 189
9853 210
9854 207
9855 208
9856 207
9857 209
9858 207
9859 207
9860 209
9861 208
9862 207
9863 208
9864 208
9865 327
9866 304
9867 208
9868 212
9869 211
9870 208
9871 208
9872 188
9873 209
9874 209
9875 211
9876 206
9877 203
9878 207
9879 208
9880 208
9881 212
9882 208
9883 206
9884 207
9885 207
9886 197
9887 318
9888 211
9889 398
9890 208
9891 211
9892 208
9893 209
9894 205
9895 207
9896 207
9897 209
9898 205
9899 209
9900 210
9901 208
9902 208
9903 208
9904 209
9905 208
9906 207
9907 208
9908 208
9909 207
9910 186
9911 208
9912 208
9913 210
9914 207
9915 208
9916 208
9917 209
9918 208
9919 207
9920 207
9921 208
9922 187
9923 208
9924 206
9925 207
9926 208
9927 207
9928 209
9929 208
9930 208
9931 208
9932 188
9933 207
9934 209
9935 206
9936 207
9937 208
9938 207
9939 209
9940 209
9941 207
9942 209
9943 206
9944 208
9945 206
9946 206
9947 322
9948 462
9949 390
9950 289
9951 209
9952 188
9953 207
9954 210
9955 208
9956 210
9957 208
9958 208
9959 206
9960 185
9961 207
9962 209
9963 190
9964 210
9965 210
9966 188
9967 366
9968 209
9969 208
9970 208
9971 205
9972 205
9973 207
9974 208
9975 209
9976 209
9977 208
9978 207
9979 209
9980 186
9981 210
9982 209
9983 207
9984 209
9985 206
9986 211
9987 210
9988 209
9989 193
9990 209
9991 208
9992 211
9993 207
9994 210
9995 201
9996 211
9997 207
9998 206
9999 208
