i t
0 242
1 231
2 228
3 228
4 231
5 230
6 239
7 242
8 242
9 231
10 227
11 230
12 227
13 245
14 230
15 226
16 241
17 231
18 226
19 229
20 228
21 229
22 239
23 232
24 232
25 227
26 227
27 242
28 225
29 227
30 227
31 241
32 226
33 239
34 240
35 228
36 240
37 244
38 242
39 228
40 228
41 228
42 224
43 227
44 232
45 230
46 227
47 231
48 227
49 227
50 234
51 228
52 227
53 239
54 229
55 227
56 227
57 231
58 242
59 230
60 228
61 229
62 244
63 228
64 138
65 240
66 240
67 240
68 231
69 228
70 241
71 227
72 232
73 227
74 229
75 230
76 240
77 227
78 241
79 238
80 228
81 230
82 243
83 227
84 239
85 239
86 241
87 231
88 241
89 234
90 243
91 228
92 230
93 228
94 231
95 228
96 226
97 229
98 226
99 230
100 239
101 241
102 228
103 238
104 231
105 227
106 230
107 242
108 240
109 227
110 230
111 233
112 238
113 243
114 240
115 241
116 242
117 231
118 230
119 228
120 229
121 232
122 229
123 242
124 240
125 231
126 230
127 224
128 358
129 242
130 414
131 231
132 230
133 226
134 229
135 233
136 229
137 244
138 241
139 230
140 241
141 224
142 245
143 223
144 242
145 229
146 244
147 230
148 227
149 229
150 229
151 227
152 222
153 225
154 242
155 233
156 242
157 239
158 239
159 227
160 240
161 228
162 227
163 228
164 229
165 239
166 238
167 229
168 226
169 228
170 240
171 232
172 234
173 229
174 232
175 244
176 228
177 228
178 232
179 241
180 242
181 231
182 242
183 226
184 244
185 241
186 230
187 227
188 225
189 229
190 227
191 243
192 228
193 228
194 241
195 229
196 228
197 241
198 240
199 229
200 239
201 229
202 241
203 230
204 242
205 226
206 241
207 229
208 227
209 226
210 244
211 242
212 230
213 231
214 228
215 227
216 228
217 229
218 240
219 230
220 227
221 231
222 227
223 230
224 228
225 243
226 240
227 226
228 227
229 226
230 231
231 243
232 238
233 226
234 242
235 245
236 244
237 229
238 243
239 231
240 239
241 228
242 227
243 227
244 243
245 242
246 236
247 227
248 227
249 226
250 229
251 227
252 232
253 231
254 227
255 229
256 242
257 230
258 233
259 245
260 231
261 226
262 243
263 354
264 229
265 239
266 228
267 230
268 239
269 240
270 228
271 230
272 245
273 237
274 241
275 241
276 241
277 242
278 243
279 229
280 229
281 352
282 246
283 411
284 229
285 232
286 228
287 225
288 240
289 228
290 229
291 239
292 243
293 230
294 242
295 242
296 230
297 229
298 231
299 240
300 240
301 233
302 228
303 229
304 238
305 230
306 231
307 230
308 237
309 232
310 225
311 228
312 243
313 228
314 241
315 230
316 232
317 230
318 228
319 239
320 242
321 229
322 228
323 244
324 228
325 228
326 245
327 243
328 227
329 227
330 239
331 242
332 227
333 228
334 229
335 226
336 230
337 236
338 231
339 227
340 161
341 229
342 230
343 243
344 240
345 239
346 227
347 239
348 243
349 225
350 239
351 227
352 227
353 232
354 228
355 239
356 231
357 230
358 227
359 229
360 226
361 232
362 231
363 227
364 226
365 232
366 227
367 227
368 240
369 240
370 241
371 227
372 242
373 238
374 229
375 230
376 228
377 239
378 239
379 240
380 239
381 243
382 243
383 225
384 244
385 229
386 230
387 242
388 240
389 233
390 226
391 245
392 239
393 228
394 240
395 228
396 240
397 243
398 228
399 226
400 240
401 230
402 240
403 294
404 228
405 229
406 234
407 228
408 241
409 243
410 223
411 244
412 231
413 230
414 229
415 239
416 239
417 228
418 231
419 234
420 234
421 243
422 241
423 239
424 227
425 228
426 227
427 242
428 240
429 241
430 241
431 240
432 242
433 242
434 281
435 229
436 402
437 228
438 240
439 228
440 225
441 242
442 240
443 229
444 242
445 230
446 226
447 229
448 229
449 229
450 232
451 242
452 239
453 243
454 229
455 229
456 234
457 239
458 226
459 183
460 236
461 218
462 241
463 232
464 238
465 241
466 226
467 228
468 238
469 229
470 240
471 243
472 238
473 236
474 225
475 226
476 228
477 239
478 244
479 227
480 226
481 228
482 226
483 227
484 236
485 240
486 229
487 227
488 229
489 231
490 231
491 225
492 234
493 224
494 239
495 231
496 239
497 242
498 239
499 231
500 239
501 229
502 244
503 228
504 242
505 242
506 229
507 240
508 243
509 231
510 234
511 229
512 227
513 227
514 227
515 243
516 229
517 240
518 230
519 238
520 241
521 240
522 231
523 240
524 229
525 231
526 227
527 225
528 224
529 243
530 228
531 229
532 233
533 229
534 232
535 230
536 229
537 239
538 229
539 242
540 227
541 230
542 229
543 225
544 237
545 240
546 243
547 241
548 227
549 231
550 228
551 242
552 240
553 224
554 241
555 227
556 228
557 243
558 239
559 228
560 225
561 240
562 227
563 239
564 230
565 239
566 229
567 240
568 228
569 343
570 229
571 231
572 228
573 231
574 242
575 229
576 242
577 241
578 241
579 238
580 229
581 230
582 227
583 229
584 238
585 239
586 244
587 362
588 228
589 411
590 240
591 239
592 240
593 226
594 241
595 230
596 230
597 229
598 241
599 242
600 228
601 234
602 242
603 228
604 230
605 239
606 229
607 243
608 230
609 231
610 239
611 242
612 230
613 241
614 232
615 228
616 237
617 241
618 226
619 239
620 230
621 229
622 228
623 230
624 228
625 231
626 227
627 229
628 227
629 228
630 232
631 229
632 226
633 230
634 228
635 228
636 227
637 240
638 228
639 239
640 245
641 239
642 229
643 228
644 242
645 228
646 229
647 242
648 242
649 229
650 227
651 229
652 230
653 238
654 227
655 227
656 226
657 240
658 242
659 232
660 240
661 229
662 243
663 227
664 228
665 240
666 227
667 231
668 232
669 242
670 240
671 226
672 244
673 239
674 227
675 231
676 229
677 231
678 237
679 229
680 228
681 228
682 243
683 240
684 240
685 226
686 228
687 243
688 240
689 238
690 230
691 240
692 269
693 231
694 214
695 230
696 217
697 219
698 216
699 217
700 217
701 220
702 222
703 229
704 369
705 385
706 229
707 434
708 291
709 218
710 218
711 220
712 221
713 218
714 220
715 218
716 221
717 230
718 219
719 219
720 400
721 383
722 219
723 217
724 217
725 232
726 224
727 219
728 229
729 223
730 232
731 220
732 232
733 219
734 219
735 216
736 232
737 219
738 221
739 338
740 223
741 326
742 230
743 218
744 218
745 229
746 234
747 217
748 221
749 217
750 219
751 228
752 219
753 182
754 216
755 218
756 231
757 220
758 218
759 229
760 232
761 219
762 216
763 219
764 218
765 218
766 233
767 221
768 219
769 218
770 222
771 216
772 220
773 229
774 230
775 219
776 222
777 221
778 232
779 217
780 219
781 217
782 230
783 232
784 218
785 234
786 228
787 216
788 216
789 219
790 232
791 226
792 220
793 230
794 230
795 218
796 218
797 218
798 232
799 203
800 221
801 219
802 218
803 230
804 219
805 230
806 216
807 227
808 231
809 214
810 229
811 232
812 231
813 217
814 217
815 233
816 218
817 218
818 217
819 219
820 220
821 224
822 230
823 216
824 220
825 217
826 235
827 219
828 217
829 230
830 222
831 233
832 221
833 220
834 219
835 219
836 234
837 218
838 229
839 228
840 218
841 231
842 220
843 227
844 218
845 217
846 217
847 218
848 231
849 218
850 221
851 223
852 220
853 231
854 221
855 230
856 220
857 230
858 219
859 219
860 218
861 233
862 218
863 220
864 221
865 233
866 560
867 222
868 233
869 223
870 219
871 220
872 218
873 233
874 217
875 218
876 220
877 211
878 476
879 222
880 223
881 222
882 233
883 234
884 217
885 219
886 230
887 220
888 217
889 220
890 330
891 234
892 221
893 216
894 216
895 220
896 232
897 596
898 516
899 218
900 231
901 218
902 220
903 218
904 220
905 217
906 229
907 219
908 217
909 217
910 231
911 228
912 233
913 220
914 217
915 220
916 219
917 223
918 223
919 220
920 217
921 222
922 217
923 203
924 185
925 217
926 229
927 221
928 230
929 217
930 219
931 230
932 219
933 217
934 223
935 232
936 233
937 218
938 222
939 218
940 217
941 218
942 231
943 232
944 232
945 218
946 219
947 234
948 223
949 229
950 220
951 217
952 218
953 232
954 219
955 217
956 222
957 232
958 232
959 217
960 220
961 218
962 220
963 233
964 230
965 217
966 221
967 225
968 229
969 216
970 229
971 219
972 221
973 222
974 232
975 220
976 218
977 228
978 217
979 234
980 230
981 234
982 218
983 222
984 217
985 219
986 232
987 217
988 218
989 219
990 217
991 232
992 219
993 219
994 218
995 221
996 229
997 229
998 230
999 220
1000 216
1001 234
1002 228
1003 228
1004 220
1005 202
1006 219
1007 220
1008 231
1009 219
1010 228
1011 230
1012 230
1013 218
1014 220
1015 216
1016 218
1017 219
1018 232
1019 218
1020 226
1021 230
1022 527
1023 219
1024 219
1025 221
1026 222
1027 231
1028 231
1029 218
1030 220
1031 218
1032 230
1033 303
1034 490
1035 215
1036 231
1037 217
1038 232
1039 228
1040 217
1041 230
1042 219
1043 218
1044 229
1045 218
1046 223
1047 217
1048 212
1049 230
1050 219
1051 229
1052 352
1053 230
1054 218
1055 426
1056 220
1057 221
1058 229
1059 223
1060 219
1061 230
1062 219
1063 233
1064 232
1065 221
1066 219
1067 222
1068 228
1069 217
1070 225
1071 229
1072 184
1073 230
1074 221
1075 219
1076 229
1077 228
1078 229
1079 220
1080 218
1081 231
1082 219
1083 219
1084 218
1085 217
1086 223
1087 231
1088 228
1089 232
1090 230
1091 217
1092 217
1093 228
1094 229
1095 230
1096 220
1097 220
1098 223
1099 229
1100 217
1101 220
1102 230
1103 230
1104 217
1105 229
1106 218
1107 235
1108 229
1109 222
1110 220
1111 221
1112 217
1113 218
1114 221
1115 221
1116 220
1117 219
1118 218
1119 231
1120 219
1121 221
1122 234
1123 217
1124 220
1125 234
1126 221
1127 231
1128 229
1129 223
1130 217
1131 221
1132 216
1133 232
1134 233
1135 217
1136 228
1137 218
1138 229
1139 226
1140 222
1141 221
1142 217
1143 215
1144 220
1145 220
1146 217
1147 218
1148 220
1149 221
1150 221
1151 219
1152 220
1153 218
1154 220
1155 233
1156 229
1157 229
1158 218
1159 219
1160 219
1161 220
1162 234
1163 220
1164 234
1165 222
1166 229
1167 218
1168 229
1169 230
1170 221
1171 232
1172 217
1173 222
1174 229
1175 231
1176 219
1177 232
1178 230
1179 283
1180 217
1181 219
1182 231
1183 233
1184 218
1185 231
1186 219
1187 407
1188 222
1189 260
1190 218
1191 219
1192 362
1193 222
1194 218
1195 517
1196 442
1197 274
1198 226
1199 230
1200 226
1201 226
1202 217
1203 233
1204 224
1205 230
1206 232
1207 227
1208 338
1209 223
1210 232
1211 215
1212 219
1213 223
1214 230
1215 322
1216 234
1217 316
1218 280
1219 231
1220 233
1221 226
1222 217
1223 231
1224 216
1225 223
1226 230
1227 225
1228 232
1229 231
1230 217
1231 231
1232 231
1233 216
1234 217
1235 216
1236 234
1237 224
1238 217
1239 223
1240 217
1241 225
1242 217
1243 217
1244 217
1245 237
1246 226
1247 226
1248 231
1249 233
1250 229
1251 233
1252 306
1253 232
1254 231
1255 225
1256 233
1257 215
1258 227
1259 186
1260 218
1261 218
1262 231
1263 227
1264 229
1265 232
1266 230
1267 219
1268 230
1269 229
1270 232
1271 170
1272 231
1273 218
1274 218
1275 217
1276 228
1277 218
1278 219
1279 230
1280 230
1281 218
1282 217
1283 218
1284 230
1285 229
1286 218
1287 230
1288 224
1289 219
1290 229
1291 223
1292 217
1293 222
1294 219
1295 220
1296 228
1297 319
1298 218
1299 228
1300 217
1301 219
1302 216
1303 218
1304 219
1305 218
1306 226
1307 230
1308 217
1309 231
1310 218
1311 217
1312 231
1313 227
1314 230
1315 229
1316 232
1317 229
1318 218
1319 228
1320 219
1321 220
1322 219
1323 217
1324 231
1325 217
1326 219
1327 230
1328 217
1329 230
1330 228
1331 217
1332 228
1333 350
1334 219
1335 217
1336 215
1337 218
1338 220
1339 218
1340 230
1341 229
1342 227
1343 218
1344 229
1345 412
1346 309
1347 340
1348 217
1349 231
1350 215
1351 218
1352 230
1353 230
1354 217
1355 229
1356 218
1357 218
1358 218
1359 219
1360 217
1361 219
1362 217
1363 219
1364 418
1365 228
1366 412
1367 218
1368 218
1369 219
1370 229
1371 218
1372 229
1373 229
1374 219
1375 220
1376 231
1377 222
1378 223
1379 220
1380 218
1381 223
1382 230
1383 218
1384 231
1385 218
1386 222
1387 229
1388 229
1389 218
1390 217
1391 219
1392 229
1393 219
1394 216
1395 230
1396 231
1397 221
1398 219
1399 203
1400 217
1401 231
1402 218
1403 219
1404 220
1405 229
1406 229
1407 230
1408 220
1409 219
1410 230
1411 430
1412 325
1413 222
1414 338
1415 229
1416 230
1417 219
1418 230
1419 228
1420 229
1421 220
1422 218
1423 217
1424 230
1425 217
1426 219
1427 217
1428 229
1429 218
1430 229
1431 220
1432 216
1433 217
1434 217
1435 217
1436 218
1437 217
1438 217
1439 222
1440 220
1441 219
1442 217
1443 218
1444 228
1445 215
1446 231
1447 229
1448 217
1449 223
1450 219
1451 229
1452 217
1453 219
1454 228
1455 219
1456 216
1457 223
1458 223
1459 217
1460 231
1461 218
1462 229
1463 220
1464 218
1465 217
1466 221
1467 229
1468 218
1469 232
1470 217
1471 230
1472 218
1473 217
1474 224
1475 219
1476 228
1477 222
1478 219
1479 218
1480 225
1481 218
1482 231
1483 221
1484 218
1485 231
1486 220
1487 217
1488 220
1489 285
1490 215
1491 219
1492 227
1493 216
1494 218
1495 228
1496 229
1497 225
1498 219
1499 216
1500 229
1501 219
1502 415
1503 219
1504 229
1505 229
1506 226
1507 217
1508 218
1509 213
1510 218
1511 217
1512 231
1513 217
1514 353
1515 219
1516 218
1517 230
1518 229
1519 217
1520 218
1521 421
1522 220
1523 419
1524 219
1525 219
1526 217
1527 229
1528 229
1529 230
1530 221
1531 219
1532 223
1533 219
1534 219
1535 230
1536 220
1537 231
1538 215
1539 216
1540 228
1541 217
1542 228
1543 219
1544 220
1545 229
1546 218
1547 219
1548 216
1549 227
1550 227
1551 218
1552 218
1553 219
1554 218
1555 219
1556 228
1557 218
1558 229
1559 232
1560 221
1561 217
1562 219
1563 230
1564 217
1565 229
1566 220
1567 423
1568 217
1569 230
1570 217
1571 227
1572 221
1573 218
1574 219
1575 229
1576 216
1577 219
1578 230
1579 228
1580 230
1581 219
1582 229
1583 217
1584 229
1585 217
1586 219
1587 389
1588 324
1589 588
1590 296
1591 381
1592 231
1593 232
1594 220
1595 218
1596 219
1597 219
1598 219
1599 218
1600 229
1601 229
1602 219
1603 217
1604 218
1605 231
1606 216
1607 326
1608 218
1609 400
1610 216
1611 230
1612 227
1613 229
1614 220
1615 229
1616 229
1617 220
1618 218
1619 219
1620 461
1621 517
1622 370
1623 390
1624 398
1625 224
1626 370
1627 222
1628 338
1629 221
1630 235
1631 905
1632 387
1633 455
1634 222
1635 223
1636 225
1637 240
1638 242
1639 239
1640 227
1641 306
1642 529
1643 512
1644 490
1645 353
1646 344
1647 312
1648 223
1649 235
1650 222
1651 242
1652 232
1653 371
1654 238
1655 225
1656 234
1657 230
1658 235
1659 224
1660 454
1661 222
1662 225
1663 403
1664 332
1665 226
1666 223
1667 224
1668 239
1669 591
1670 294
1671 231
1672 235
1673 223
1674 226
1675 227
1676 224
1677 624
1678 235
1679 224
1680 222
1681 226
1682 223
1683 605
1684 397
1685 329
1686 223
1687 236
1688 220
1689 223
1690 235
1691 235
1692 224
1693 224
1694 235
1695 223
1696 221
1697 224
1698 236
1699 222
1700 222
1701 221
1702 222
1703 225
1704 222
1705 224
1706 234
1707 222
1708 235
1709 216
1710 397
1711 226
1712 223
1713 236
1714 225
1715 225
1716 222
1717 222
1718 224
1719 231
1720 224
1721 221
1722 229
1723 236
1724 226
1725 222
1726 234
1727 225
1728 221
1729 223
1730 224
1731 238
1732 222
1733 230
1734 239
1735 242
1736 243
1737 228
1738 230
1739 238
1740 228
1741 517
1742 239
1743 458
1744 228
1745 304
1746 560
1747 222
1748 236
1749 223
1750 828
1751 222
1752 237
1753 236
1754 225
1755 226
1756 221
1757 222
1758 493
1759 301
1760 235
1761 223
1762 222
1763 224
1764 225
1765 237
1766 517
1767 226
1768 488
1769 234
1770 245
1771 243
1772 234
1773 243
1774 242
1775 224
1776 227
1777 236
1778 226
1779 223
1780 219
1781 224
1782 243
1783 226
1784 224
1785 223
1786 239
1787 219
1788 235
1789 581
1790 226
1791 224
1792 225
1793 240
1794 240
1795 222
1796 224
1797 237
1798 242
1799 224
1800 243
1801 221
1802 227
1803 224
1804 227
1805 225
1806 243
1807 227
1808 229
1809 229
1810 223
1811 242
1812 223
1813 223
1814 243
1815 233
1816 225
1817 237
1818 225
1819 221
1820 222
1821 238
1822 219
1823 231
1824 241
1825 244
1826 221
1827 228
1828 228
1829 225
1830 228
1831 239
1832 238
1833 238
1834 246
1835 240
1836 221
1837 238
1838 243
1839 241
1840 342
1841 210
1842 223
1843 222
1844 224
1845 235
1846 241
1847 223
1848 234
1849 222
1850 243
1851 239
1852 230
1853 242
1854 240
1855 239
1856 244
1857 227
1858 242
1859 224
1860 244
1861 226
1862 245
1863 233
1864 234
1865 239
1866 228
1867 239
1868 225
1869 225
1870 241
1871 235
1872 246
1873 241
1874 231
1875 245
1876 228
1877 224
1878 225
1879 233
1880 224
1881 223
1882 223
1883 227
1884 225
1885 225
1886 223
1887 223
1888 241
1889 222
1890 224
1891 225
1892 230
1893 223
1894 228
1895 240
1896 233
1897 222
1898 239
1899 239
1900 225
1901 228
1902 244
1903 239
1904 224
1905 242
1906 224
1907 242
1908 227
1909 238
1910 242
1911 225
1912 237
1913 225
1914 222
1915 230
1916 238
1917 228
1918 221
1919 230
1920 221
1921 224
1922 221
1923 222
1924 228
1925 239
1926 227
1927 228
1928 242
1929 223
1930 232
1931 225
1932 231
1933 227
1934 243
1935 240
1936 246
1937 247
1938 227
1939 244
1940 242
1941 229
1942 242
1943 242
1944 240
1945 226
1946 231
1947 223
1948 222
1949 225
1950 232
1951 221
1952 239
1953 228
1954 223
1955 225
1956 225
1957 226
1958 222
1959 240
1960 223
1961 223
1962 229
1963 242
1964 240
1965 240
1966 239
1967 225
1968 220
1969 228
1970 228
1971 227
1972 225
1973 245
1974 224
1975 244
1976 246
1977 243
1978 242
1979 246
1980 223
1981 242
1982 239
1983 225
1984 224
1985 231
1986 227
1987 225
1988 224
1989 183
1990 227
1991 224
1992 241
1993 228
1994 228
1995 225
1996 245
1997 222
1998 225
1999 227
2000 222
2001 239
2002 238
2003 226
2004 223
2005 243
2006 222
2007 227
2008 224
2009 222
2010 223
2011 221
2012 222
2013 221
2014 240
2015 223
2016 224
2017 607
2018 224
2019 219
2020 368
2021 240
2022 226
2023 230
2024 223
2025 225
2026 244
2027 227
2028 236
2029 222
2030 228
2031 211
2032 225
2033 226
2034 239
2035 227
2036 222
2037 222
2038 223
2039 242
2040 239
2041 242
2042 243
2043 233
2044 223
2045 241
2046 229
2047 230
2048 227
2049 243
2050 226
2051 235
2052 238
2053 230
2054 222
2055 224
2056 222
2057 221
2058 223
2059 239
2060 238
2061 242
2062 240
2063 221
2064 241
2065 226
2066 244
2067 221
2068 225
2069 229
2070 230
2071 476
2072 227
2073 243
2074 240
2075 243
2076 220
2077 224
2078 224
2079 227
2080 221
2081 238
2082 233
2083 222
2084 494
2085 237
2086 221
2087 236
2088 233
2089 236
2090 239
2091 237
2092 221
2093 221
2094 231
2095 230
2096 228
2097 363
2098 223
2099 230
2100 237
2101 223
2102 224
2103 233
2104 222
2105 220
2106 230
2107 229
2108 244
2109 234
2110 222
2111 234
2112 223
2113 223
2114 221
2115 226
2116 235
2117 228
2118 239
2119 227
2120 208
2121 224
2122 227
2123 229
2124 231
2125 230
2126 236
2127 228
2128 232
2129 235
2130 237
2131 237
2132 223
2133 238
2134 237
2135 227
2136 235
2137 237
2138 226
2139 237
2140 228
2141 226
2142 225
2143 227
2144 223
2145 224
2146 232
2147 235
2148 236
2149 226
2150 234
2151 235
2152 235
2153 226
2154 225
2155 235
2156 234
2157 223
2158 222
2159 225
2160 224
2161 229
2162 236
2163 227
2164 235
2165 222
2166 235
2167 223
2168 224
2169 224
2170 234
2171 235
2172 225
2173 235
2174 234
2175 229
2176 234
2177 231
2178 236
2179 235
2180 224
2181 234
2182 236
2183 234
2184 236
2185 224
2186 234
2187 222
2188 222
2189 234
2190 235
2191 223
2192 224
2193 224
2194 234
2195 223
2196 224
2197 223
2198 223
2199 225
2200 225
2201 223
2202 224
2203 222
2204 235
2205 223
2206 223
2207 224
2208 223
2209 236
2210 224
2211 233
2212 223
2213 236
2214 225
2215 235
2216 234
2217 236
2218 235
2219 223
2220 235
2221 223
2222 224
2223 222
2224 234
2225 234
2226 224
2227 219
2228 240
2229 235
2230 237
2231 224
2232 224
2233 224
2234 225
2235 235
2236 235
2237 234
2238 237
2239 228
2240 236
2241 223
2242 224
2243 230
2244 237
2245 229
2246 241
2247 229
2248 230
2249 239
2250 236
2251 236
2252 239
2253 235
2254 226
2255 232
2256 223
2257 234
2258 223
2259 219
2260 234
2261 226
2262 222
2263 223
2264 222
2265 234
2266 235
2267 222
2268 225
2269 226
2270 235
2271 240
2272 236
2273 224
2274 224
2275 221
2276 221
2277 222
2278 235
2279 224
2280 234
2281 234
2282 227
2283 224
2284 224
2285 235
2286 223
2287 223
2288 234
2289 225
2290 234
2291 224
2292 237
2293 235
2294 235
2295 225
2296 238
2297 225
2298 226
2299 225
2300 190
2301 240
2302 225
2303 223
2304 238
2305 225
2306 236
2307 223
2308 226
2309 226
2310 236
2311 398
2312 226
2313 224
2314 237
2315 236
2316 234
2317 224
2318 219
2319 229
2320 223
2321 234
2322 224
2323 233
2324 236
2325 221
2326 222
2327 230
2328 224
2329 223
2330 235
2331 224
2332 223
2333 224
2334 223
2335 237
2336 237
2337 228
2338 238
2339 223
2340 237
2341 226
2342 237
2343 239
2344 240
2345 231
2346 225
2347 197
2348 222
2349 242
2350 223
2351 233
2352 235
2353 224
2354 222
2355 234
2356 222
2357 223
2358 233
2359 224
2360 224
2361 222
2362 223
2363 225
2364 234
2365 232
2366 236
2367 222
2368 224
2369 221
2370 235
2371 223
2372 232
2373 224
2374 236
2375 223
2376 387
2377 293
2378 234
2379 359
2380 353
2381 342
2382 224
2383 224
2384 228
2385 237
2386 225
2387 222
2388 222
2389 237
2390 235
2391 217
2392 233
2393 435
2394 232
2395 233
2396 231
2397 223
2398 441
2399 238
2400 246
2401 233
2402 241
2403 243
2404 238
2405 244
2406 205
2407 234
2408 234
2409 222
2410 232
2411 244
2412 221
2413 235
2414 242
2415 222
2416 234
2417 238
2418 221
2419 238
2420 235
2421 240
2422 244
2423 223
2424 239
2425 227
2426 232
2427 245
2428 251
2429 236
2430 242
2431 233
2432 238
2433 231
2434 243
2435 233
2436 233
2437 221
2438 228
2439 244
2440 224
2441 244
2442 235
2443 232
2444 249
2445 424
2446 240
2447 232
2448 232
2449 239
2450 229
2451 192
2452 235
2453 242
2454 238
2455 244
2456 223
2457 237
2458 241
2459 236
2460 229
2461 244
2462 234
2463 224
2464 247
2465 233
2466 240
2467 238
2468 241
2469 235
2470 241
2471 224
2472 223
2473 224
2474 225
2475 234
2476 341
2477 224
2478 241
2479 224
2480 236
2481 223
2482 235
2483 237
2484 223
2485 242
2486 240
2487 236
2488 230
2489 222
2490 223
2491 222
2492 223
2493 223
2494 222
2495 225
2496 220
2497 225
2498 223
2499 238
2500 235
2501 238
2502 238
2503 234
2504 240
2505 227
2506 224
2507 224
2508 223
2509 239
2510 228
2511 224
2512 224
2513 237
2514 231
2515 227
2516 236
2517 239
2518 236
2519 237
2520 235
2521 225
2522 223
2523 221
2524 241
2525 237
2526 222
2527 225
2528 222
2529 235
2530 229
2531 377
2532 224
2533 222
2534 219
2535 245
2536 222
2537 239
2538 223
2539 379
2540 222
2541 227
2542 224
2543 224
2544 224
2545 231
2546 222
2547 248
2548 418
2549 236
2550 225
2551 225
2552 227
2553 233
2554 224
2555 224
2556 226
2557 226
2558 227
2559 223
2560 234
2561 422
2562 231
2563 231
2564 241
2565 229
2566 310
2567 324
2568 313
2569 226
2570 237
2571 235
2572 230
2573 224
2574 224
2575 223
2576 226
2577 222
2578 226
2579 223
2580 224
2581 226
2582 226
2583 222
2584 227
2585 225
2586 238
2587 222
2588 239
2589 223
2590 228
2591 243
2592 224
2593 228
2594 228
2595 229
2596 229
2597 235
2598 240
2599 237
2600 223
2601 223
2602 238
2603 226
2604 231
2605 240
2606 225
2607 222
2608 224
2609 225
2610 228
2611 227
2612 227
2613 237
2614 223
2615 222
2616 224
2617 225
2618 223
2619 230
2620 237
2621 235
2622 238
2623 238
2624 224
2625 236
2626 223
2627 237
2628 224
2629 228
2630 223
2631 222
2632 227
2633 236
2634 223
2635 234
2636 222
2637 239
2638 234
2639 236
2640 222
2641 220
2642 223
2643 227
2644 236
2645 237
2646 222
2647 238
2648 239
2649 236
2650 238
2651 223
2652 228
2653 221
2654 233
2655 236
2656 235
2657 222
2658 223
2659 235
2660 225
2661 224
2662 235
2663 221
2664 222
2665 239
2666 222
2667 220
2668 225
2669 238
2670 222
2671 222
2672 230
2673 222
2674 225
2675 233
2676 234
2677 235
2678 227
2679 234
2680 225
2681 222
2682 241
2683 222
2684 234
2685 424
2686 239
2687 222
2688 245
2689 224
2690 226
2691 235
2692 239
2693 229
2694 235
2695 225
2696 226
2697 237
2698 323
2699 260
2700 227
2701 222
2702 235
2703 230
2704 226
2705 226
2706 226
2707 236
2708 224
2709 222
2710 221
2711 237
2712 226
2713 190
2714 228
2715 229
2716 417
2717 227
2718 385
2719 223
2720 235
2721 221
2722 230
2723 235
2724 235
2725 224
2726 235
2727 223
2728 235
2729 234
2730 223
2731 223
2732 237
2733 237
2734 224
2735 231
2736 225
2737 206
2738 226
2739 223
2740 235
2741 239
2742 244
2743 238
2744 222
2745 221
2746 231
2747 238
2748 238
2749 225
2750 225
2751 227
2752 223
2753 223
2754 239
2755 239
2756 224
2757 226
2758 237
2759 225
2760 235
2761 227
2762 223
2763 237
2764 238
2765 238
2766 235
2767 222
2768 227
2769 222
2770 230
2771 239
2772 216
2773 236
2774 220
2775 226
2776 226
2777 238
2778 235
2779 224
2780 228
2781 437
2782 223
2783 222
2784 226
2785 221
2786 241
2787 226
2788 222
2789 224
2790 225
2791 223
2792 223
2793 237
2794 223
2795 223
2796 222
2797 222
2798 222
2799 222
2800 232
2801 224
2802 226
2803 225
2804 220
2805 227
2806 244
2807 225
2808 236
2809 223
2810 221
2811 238
2812 226
2813 226
2814 225
2815 224
2816 223
2817 230
2818 221
2819 239
2820 222
2821 227
2822 227
2823 238
2824 224
2825 222
2826 222
2827 221
2828 220
2829 234
2830 224
2831 240
2832 222
2833 227
2834 244
2835 235
2836 236
2837 224
2838 223
2839 230
2840 336
2841 224
2842 231
2843 235
2844 224
2845 240
2846 228
2847 221
2848 223
2849 225
2850 221
2851 235
2852 240
2853 430
2854 248
2855 238
2856 233
2857 237
2858 237
2859 237
2860 226
2861 124
2862 222
2863 221
2864 236
2865 237
2866 223
2867 236
2868 224
2869 223
2870 229
2871 410
2872 320
2873 284
2874 224
2875 224
2876 234
2877 238
2878 240
2879 222
2880 223
2881 236
2882 236
2883 222
2884 238
2885 237
2886 223
2887 222
2888 237
2889 223
2890 226
2891 237
2892 223
2893 235
2894 232
2895 219
2896 225
2897 224
2898 242
2899 223
2900 226
2901 227
2902 225
2903 236
2904 225
2905 231
2906 225
2907 236
2908 236
2909 225
2910 221
2911 238
2912 239
2913 224
2914 237
2915 237
2916 225
2917 225
2918 236
2919 226
2920 225
2921 224
2922 235
2923 224
2924 236
2925 225
2926 224
2927 220
2928 225
2929 224
2930 223
2931 221
2932 236
2933 236
2934 226
2935 239
2936 224
2937 225
2938 239
2939 231
2940 224
2941 221
2942 237
2943 239
2944 239
2945 221
2946 239
2947 229
2948 233
2949 223
2950 236
2951 235
2952 233
2953 227
2954 231
2955 228
2956 237
2957 239
2958 223
2959 225
2960 225
2961 238
2962 224
2963 228
2964 240
2965 237
2966 225
2967 239
2968 244
2969 223
2970 224
2971 220
2972 239
2973 223
2974 237
2975 240
2976 221
2977 224
2978 222
2979 234
2980 225
2981 225
2982 235
2983 224
2984 220
2985 226
2986 232
2987 239
2988 227
2989 224
2990 223
2991 236
2992 225
2993 246
2994 279
2995 224
2996 240
2997 229
2998 186
2999 227
3000 220
3001 223
3002 223
3003 223
3004 239
3005 235
3006 230
3007 426
3008 248
3009 225
3010 226
3011 234
3012 236
3013 223
3014 240
3015 236
3016 224
3017 237
3018 228
3019 227
3020 227
3021 238
3022 224
3023 232
3024 377
3025 234
3026 412
3027 235
3028 224
3029 225
3030 223
3031 222
3032 237
3033 226
3034 225
3035 224
3036 223
3037 238
3038 223
3039 216
3040 221
3041 245
3042 224
3043 224
3044 237
3045 235
3046 222
3047 236
3048 185
3049 226
3050 234
3051 223
3052 235
3053 222
3054 226
3055 225
3056 235
3057 224
3058 222
3059 236
3060 227
3061 222
3062 224
3063 222
3064 222
3065 226
3066 225
3067 234
3068 224
3069 224
3070 240
3071 228
3072 234
3073 224
3074 237
3075 221
3076 222
3077 223
3078 239
3079 223
3080 222
3081 226
3082 222
3083 224
3084 233
3085 223
3086 223
3087 237
3088 224
3089 237
3090 236
3091 233
3092 237
3093 227
3094 228
3095 238
3096 241
3097 224
3098 225
3099 237
3100 223
3101 223
3102 223
3103 224
3104 191
3105 223
3106 223
3107 238
3108 221
3109 225
3110 236
3111 222
3112 233
3113 238
3114 222
3115 223
3116 239
3117 224
3118 223
3119 237
3120 187
3121 242
3122 235
3123 227
3124 239
3125 239
3126 222
3127 236
3128 187
3129 241
3130 227
3131 222
3132 227
3133 234
3134 240
3135 224
3136 235
3137 236
3138 235
3139 239
3140 219
3141 238
3142 222
3143 207
3144 222
3145 224
3146 230
3147 237
3148 250
3149 235
3150 222
3151 223
3152 223
3153 234
3154 241
3155 226
3156 222
3157 223
3158 223
3159 223
3160 222
3161 228
3162 235
3163 238
3164 326
3165 237
3166 232
3167 223
3168 240
3169 235
3170 230
3171 224
3172 222
3173 224
3174 225
3175 239
3176 224
3177 234
3178 224
3179 241
3180 220
3181 238
3182 231
3183 241
3184 403
3185 228
3186 325
3187 221
3188 225
3189 225
3190 221
3191 236
3192 223
3193 225
3194 232
3195 224
3196 224
3197 229
3198 225
3199 224
3200 235
3201 233
3202 222
3203 224
3204 234
3205 226
3206 300
3207 237
3208 240
3209 221
3210 224
3211 231
3212 225
3213 223
3214 226
3215 235
3216 235
3217 224
3218 221
3219 222
3220 224
3221 224
3222 220
3223 224
3224 225
3225 344
3226 235
3227 250
3228 247
3229 225
3230 222
3231 230
3232 232
3233 652
3234 223
3235 764
3236 340
3237 482
3238 555
3239 236
3240 574
3241 225
3242 237
3243 220
3244 232
3245 235
3246 237
3247 472
3248 222
3249 235
3250 235
3251 233
3252 235
3253 224
3254 326
3255 234
3256 222
3257 235
3258 229
3259 225
3260 234
3261 236
3262 234
3263 174
3264 218
3265 237
3266 223
3267 223
3268 226
3269 234
3270 226
3271 224
3272 222
3273 221
3274 236
3275 225
3276 222
3277 224
3278 225
3279 232
3280 227
3281 223
3282 221
3283 226
3284 224
3285 222
3286 236
3287 237
3288 222
3289 221
3290 224
3291 222
3292 221
3293 237
3294 222
3295 234
3296 234
3297 218
3298 233
3299 223
3300 223
3301 235
3302 237
3303 234
3304 224
3305 224
3306 234
3307 223
3308 236
3309 227
3310 225
3311 224
3312 236
3313 223
3314 222
3315 233
3316 223
3317 236
3318 221
3319 222
3320 228
3321 235
3322 225
3323 223
3324 234
3325 236
3326 222
3327 221
3328 237
3329 235
3330 358
3331 224
3332 224
3333 401
3334 233
3335 234
3336 223
3337 224
3338 222
3339 224
3340 225
3341 224
3342 226
3343 235
3344 233
3345 234
3346 223
3347 223
3348 236
3349 224
3350 223
3351 223
3352 238
3353 223
3354 224
3355 233
3356 222
3357 224
3358 224
3359 221
3360 234
3361 221
3362 234
3363 228
3364 233
3365 226
3366 237
3367 235
3368 235
3369 224
3370 227
3371 224
3372 224
3373 235
3374 222
3375 225
3376 223
3377 234
3378 223
3379 232
3380 233
3381 224
3382 222
3383 271
3384 234
3385 235
3386 220
3387 224
3388 222
3389 224
3390 221
3391 223
3392 222
3393 222
3394 235
3395 224
3396 222
3397 220
3398 226
3399 224
3400 222
3401 222
3402 233
3403 233
3404 224
3405 223
3406 222
3407 223
3408 234
3409 221
3410 226
3411 234
3412 234
3413 239
3414 225
3415 219
3416 229
3417 222
3418 223
3419 233
3420 223
3421 224
3422 235
3423 222
3424 234
3425 235
3426 225
3427 235
3428 239
3429 221
3430 228
3431 226
3432 234
3433 224
3434 223
3435 236
3436 223
3437 223
3438 235
3439 224
3440 223
3441 221
3442 235
3443 233
3444 235
3445 221
3446 236
3447 234
3448 215
3449 222
3450 222
3451 230
3452 224
3453 233
3454 236
3455 221
3456 234
3457 226
3458 233
3459 360
3460 235
3461 225
3462 235
3463 223
3464 417
3465 224
3466 234
3467 236
3468 539
3469 506
3470 234
3471 221
3472 224
3473 266
3474 222
3475 222
3476 224
3477 222
3478 234
3479 558
3480 224
3481 222
3482 236
3483 235
3484 223
3485 223
3486 237
3487 234
3488 221
3489 235
3490 223
3491 401
3492 222
3493 415
3494 236
3495 225
3496 227
3497 235
3498 222
3499 224
3500 223
3501 235
3502 226
3503 237
3504 223
3505 225
3506 221
3507 223
3508 234
3509 235
3510 224
3511 225
3512 233
3513 236
3514 234
3515 222
3516 235
3517 222
3518 223
3519 225
3520 221
3521 222
3522 224
3523 235
3524 233
3525 223
3526 222
3527 218
3528 225
3529 155
3530 235
3531 220
3532 224
3533 235
3534 234
3535 234
3536 234
3537 222
3538 235
3539 331
3540 240
3541 225
3542 236
3543 223
3544 225
3545 221
3546 234
3547 235
3548 223
3549 235
3550 237
3551 224
3552 234
3553 233
3554 232
3555 223
3556 224
3557 234
3558 235
3559 236
3560 235
3561 222
3562 210
3563 221
3564 224
3565 222
3566 224
3567 225
3568 222
3569 235
3570 221
3571 225
3572 226
3573 221
3574 224
3575 234
3576 226
3577 218
3578 224
3579 223
3580 225
3581 225
3582 222
3583 224
3584 223
3585 222
3586 235
3587 224
3588 224
3589 233
3590 223
3591 223
3592 224
3593 223
3594 234
3595 220
3596 223
3597 230
3598 223
3599 226
3600 232
3601 222
3602 223
3603 235
3604 237
3605 232
3606 224
3607 222
3608 224
3609 235
3610 234
3611 222
3612 222
3613 223
3614 223
3615 234
3616 235
3617 235
3618 333
3619 235
3620 234
3621 225
3622 222
3623 224
3624 222
3625 223
3626 223
3627 222
3628 224
3629 237
3630 221
3631 228
3632 237
3633 235
3634 224
3635 223
3636 234
3637 318
3638 761
3639 542
3640 376
3641 485
3642 222
3643 234
3644 233
3645 236
3646 223
3647 223
3648 236
3649 235
3650 301
3651 224
3652 223
3653 222
3654 234
3655 235
3656 173
3657 235
3658 222
3659 234
3660 236
3661 224
3662 236
3663 222
3664 233
3665 226
3666 233
3667 233
3668 235
3669 226
3670 223
3671 235
3672 234
3673 224
3674 226
3675 221
3676 222
3677 234
3678 233
3679 221
3680 224
3681 222
3682 222
3683 218
3684 223
3685 239
3686 220
3687 220
3688 234
3689 234
3690 226
3691 234
3692 224
3693 222
3694 220
3695 584
3696 226
3697 226
3698 221
3699 220
3700 223
3701 223
3702 224
3703 223
3704 222
3705 225
3706 222
3707 220
3708 233
3709 235
3710 224
3711 223
3712 224
3713 230
3714 235
3715 222
3716 223
3717 222
3718 223
3719 224
3720 236
3721 225
3722 223
3723 223
3724 236
3725 227
3726 234
3727 222
3728 235
3729 236
3730 235
3731 236
3732 221
3733 235
3734 222
3735 236
3736 224
3737 223
3738 234
3739 235
3740 224
3741 236
3742 221
3743 221
3744 222
3745 223
3746 220
3747 222
3748 225
3749 222
3750 235
3751 221
3752 236
3753 222
3754 236
3755 225
3756 234
3757 223
3758 234
3759 235
3760 234
3761 221
3762 235
3763 235
3764 221
3765 224
3766 222
3767 222
3768 324
3769 230
3770 236
3771 222
3772 234
3773 234
3774 224
3775 224
3776 233
3777 224
3778 227
3779 235
3780 222
3781 234
3782 225
3783 224
3784 186
3785 223
3786 228
3787 226
3788 223
3789 419
3790 223
3791 435
3792 225
3793 219
3794 223
3795 234
3796 234
3797 222
3798 230
3799 223
3800 225
3801 235
3802 222
3803 237
3804 225
3805 223
3806 235
3807 234
3808 224
3809 225
3810 222
3811 223
3812 234
3813 236
3814 236
3815 225
3816 235
3817 223
3818 235
3819 225
3820 235
3821 222
3822 221
3823 221
3824 223
3825 235
3826 234
3827 223
3828 222
3829 234
3830 220
3831 223
3832 224
3833 234
3834 224
3835 223
3836 224
3837 228
3838 220
3839 234
3840 223
3841 236
3842 225
3843 234
3844 222
3845 221
3846 234
3847 222
3848 235
3849 236
3850 222
3851 235
3852 234
3853 234
3854 234
3855 221
3856 224
3857 235
3858 222
3859 235
3860 236
3861 237
3862 221
3863 225
3864 233
3865 223
3866 225
3867 223
3868 221
3869 234
3870 235
3871 219
3872 226
3873 224
3874 233
3875 235
3876 223
3877 224
3878 224
3879 221
3880 233
3881 233
3882 234
3883 236
3884 234
3885 236
3886 224
3887 223
3888 224
3889 222
3890 232
3891 225
3892 224
3893 234
3894 235
3895 236
3896 223
3897 222
3898 233
3899 219
3900 223
3901 222
3902 224
3903 225
3904 224
3905 234
3906 222
3907 224
3908 222
3909 222
3910 226
3911 220
3912 233
3913 223
3914 233
3915 342
3916 411
3917 225
3918 225
3919 235
3920 222
3921 221
3922 221
3923 228
3924 234
3925 324
3926 224
3927 228
3928 235
3929 233
3930 216
3931 224
3932 225
3933 462
3934 225
3935 236
3936 235
3937 223
3938 232
3939 234
3940 225
3941 223
3942 222
3943 221
3944 234
3945 223
3946 221
3947 223
3948 222
3949 224
3950 226
3951 235
3952 223
3953 224
3954 229
3955 235
3956 223
3957 234
3958 234
3959 234
3960 235
3961 231
3962 234
3963 233
3964 234
3965 224
3966 222
3967 235
3968 233
3969 224
3970 223
3971 236
3972 221
3973 234
3974 236
3975 224
3976 221
3977 237
3978 223
3979 223
3980 235
3981 222
3982 235
3983 228
3984 223
3985 222
3986 220
3987 224
3988 309
3989 221
3990 222
3991 224
3992 222
3993 235
3994 224
3995 222
3996 232
3997 223
3998 223
3999 223
4000 225
4001 233
4002 238
4003 234
4004 237
4005 224
4006 227
4007 231
4008 234
4009 223
4010 221
4011 223
4012 222
4013 235
4014 222
4015 220
4016 230
4017 233
4018 223
4019 226
4020 225
4021 236
4022 222
4023 225
4024 224
4025 233
4026 220
4027 222
4028 173
4029 225
4030 224
4031 224
4032 237
4033 221
4034 220
4035 223
4036 222
4037 234
4038 223
4039 225
4040 234
4041 220
4042 224
4043 234
4044 224
4045 222
4046 235
4047 224
4048 223
4049 232
4050 224
4051 230
4052 223
4053 224
4054 233
4055 222
4056 164
4057 222
4058 233
4059 221
4060 226
4061 236
4062 221
4063 228
4064 224
4065 224
4066 220
4067 230
4068 224
4069 222
4070 222
4071 222
4072 236
4073 227
4074 222
4075 223
4076 235
4077 226
4078 224
4079 234
4080 223
4081 302
4082 230
4083 236
4084 237
4085 223
4086 233
4087 229
4088 233
4089 223
4090 236
4091 222
4092 221
4093 222
4094 207
4095 223
4096 222
4097 223
4098 207
4099 224
4100 222
4101 235
4102 433
4103 235
4104 427
4105 235
4106 223
4107 221
4108 236
4109 235
4110 223
4111 225
4112 224
4113 224
4114 225
4115 233
4116 222
4117 224
4118 216
4119 222
4120 223
4121 222
4122 222
4123 221
4124 223
4125 222
4126 222
4127 223
4128 236
4129 234
4130 221
4131 232
4132 233
4133 234
4134 227
4135 235
4136 234
4137 233
4138 223
4139 235
4140 234
4141 222
4142 224
4143 224
4144 223
4145 223
4146 225
4147 223
4148 222
4149 235
4150 222
4151 224
4152 237
4153 220
4154 238
4155 235
4156 219
4157 232
4158 223
4159 222
4160 223
4161 224
4162 283
4163 226
4164 223
4165 222
4166 220
4167 224
4168 223
4169 236
4170 223
4171 221
4172 223
4173 385
4174 227
4175 223
4176 227
4177 235
4178 222
4179 222
4180 234
4181 234
4182 221
4183 235
4184 225
4185 223
4186 224
4187 237
4188 221
4189 222
4190 234
4191 225
4192 224
4193 225
4194 234
4195 225
4196 234
4197 223
4198 236
4199 223
4200 220
4201 222
4202 221
4203 223
4204 235
4205 224
4206 223
4207 225
4208 233
4209 223
4210 224
4211 224
4212 236
4213 235
4214 235
4215 221
4216 225
4217 224
4218 221
4219 223
4220 234
4221 224
4222 224
4223 333
4224 329
4225 223
4226 227
4227 234
4228 237
4229 223
4230 233
4231 235
4232 225
4233 224
4234 225
4235 221
4236 331
4237 224
4238 222
4239 236
4240 186
4241 232
4242 222
4243 236
4244 234
4245 219
4246 238
4247 238
4248 235
4249 223
4250 224
4251 222
4252 243
4253 224
4254 220
4255 236
4256 186
4257 361
4258 226
4259 426
4260 224
4261 221
4262 222
4263 237
4264 222
4265 223
4266 233
4267 223
4268 235
4269 221
4270 223
4271 234
4272 235
4273 233
4274 234
4275 225
4276 223
4277 223
4278 222
4279 228
4280 235
4281 237
4282 224
4283 225
4284 226
4285 235
4286 234
4287 235
4288 235
4289 222
4290 222
4291 222
4292 224
4293 223
4294 230
4295 234
4296 234
4297 221
4298 234
4299 206
4300 222
4301 222
4302 235
4303 223
4304 223
4305 224
4306 199
4307 233
4308 224
4309 223
4310 235
4311 233
4312 225
4313 234
4314 222
4315 221
4316 224
4317 223
4318 229
4319 234
4320 223
4321 221
4322 233
4323 234
4324 234
4325 223
4326 221
4327 235
4328 237
4329 223
4330 222
4331 223
4332 235
4333 223
4334 237
4335 234
4336 234
4337 224
4338 224
4339 222
4340 236
4341 239
4342 223
4343 237
4344 223
4345 224
4346 224
4347 223
4348 219
4349 224
4350 221
4351 221
4352 221
4353 224
4354 225
4355 233
4356 236
4357 222
4358 225
4359 233
4360 224
4361 236
4362 223
4363 234
4364 225
4365 222
4366 224
4367 234
4368 221
4369 221
4370 235
4371 235
4372 221
4373 227
4374 285
4375 267
4376 325
4377 234
4378 226
4379 235
4380 223
4381 224
4382 235
4383 226
4384 221
4385 222
4386 221
4387 225
4388 233
4389 223
4390 236
4391 235
4392 341
4393 224
4394 224
4395 223
4396 223
4397 223
4398 222
4399 237
4400 222
4401 236
4402 222
4403 279
4404 235
4405 224
4406 232
4407 224
4408 226
4409 234
4410 236
4411 234
4412 225
4413 440
4414 224
4415 292
4416 230
4417 222
4418 240
4419 230
4420 241
4421 236
4422 239
4423 224
4424 239
4425 230
4426 239
4427 222
4428 222
4429 242
4430 231
4431 225
4432 241
4433 234
4434 238
4435 239
4436 222
4437 232
4438 222
4439 215
4440 226
4441 223
4442 231
4443 227
4444 224
4445 223
4446 235
4447 224
4448 225
4449 224
4450 237
4451 238
4452 228
4453 222
4454 222
4455 223
4456 228
4457 235
4458 233
4459 236
4460 224
4461 230
4462 224
4463 223
4464 223
4465 236
4466 220
4467 223
4468 224
4469 220
4470 237
4471 226
4472 227
4473 222
4474 221
4475 238
4476 225
4477 223
4478 229
4479 223
4480 224
4481 227
4482 234
4483 225
4484 222
4485 225
4486 224
4487 235
4488 237
4489 222
4490 235
4491 237
4492 237
4493 221
4494 223
4495 234
4496 225
4497 221
4498 222
4499 224
4500 220
4501 223
4502 224
4503 222
4504 222
4505 225
4506 235
4507 235
4508 223
4509 227
4510 224
4511 237
4512 234
4513 223
4514 226
4515 236
4516 227
4517 238
4518 223
4519 223
4520 236
4521 222
4522 223
4523 222
4524 221
4525 223
4526 226
4527 222
4528 224
4529 223
4530 224
4531 239
4532 227
4533 223
4534 225
4535 223
4536 224
4537 223
4538 224
4539 223
4540 226
4541 235
4542 220
4543 221
4544 224
4545 224
4546 224
4547 226
4548 229
4549 222
4550 237
4551 224
4552 224
4553 223
4554 235
4555 224
4556 237
4557 236
4558 237
4559 224
4560 237
4561 238
4562 235
4563 237
4564 222
4565 234
4566 225
4567 237
4568 387
4569 413
4570 329
4571 312
4572 210
4573 224
4574 237
4575 240
4576 224
4577 223
4578 221
4579 225
4580 225
4581 225
4582 237
4583 225
4584 221
4585 237
4586 223
4587 226
4588 238
4589 227
4590 224
4591 224
4592 237
4593 223
4594 223
4595 239
4596 234
4597 224
4598 229
4599 229
4600 225
4601 223
4602 211
4603 224
4604 225
4605 221
4606 238
4607 224
4608 223
4609 226
4610 238
4611 236
4612 228
4613 221
4614 223
4615 225
4616 236
4617 225
4618 234
4619 222
4620 222
4621 239
4622 222
4623 226
4624 223
4625 238
4626 223
4627 236
4628 225
4629 235
4630 235
4631 236
4632 235
4633 222
4634 233
4635 233
4636 223
4637 224
4638 228
4639 350
4640 224
4641 237
4642 224
4643 224
4644 235
4645 225
4646 223
4647 229
4648 224
4649 222
4650 223
4651 239
4652 223
4653 223
4654 223
4655 224
4656 236
4657 221
4658 236
4659 230
4660 222
4661 234
4662 223
4663 224
4664 236
4665 223
4666 238
4667 226
4668 224
4669 235
4670 222
4671 224
4672 238
4673 223
4674 233
4675 237
4676 236
4677 222
4678 235
4679 224
4680 238
4681 225
4682 223
4683 238
4684 223
4685 235
4686 237
4687 225
4688 225
4689 224
4690 368
4691 240
4692 224
4693 237
4694 226
4695 228
4696 235
4697 227
4698 236
4699 239
4700 239
4701 222
4702 237
4703 350
4704 240
4705 224
4706 224
4707 219
4708 226
4709 226
4710 225
4711 223
4712 236
4713 223
4714 222
4715 234
4716 226
4717 237
4718 234
4719 223
4720 234
4721 225
4722 222
4723 425
4724 240
4725 423
4726 236
4727 236
4728 223
4729 221
4730 226
4731 224
4732 223
4733 236
4734 224
4735 238
4736 236
4737 234
4738 235
4739 222
4740 235
4741 224
4742 236
4743 237
4744 223
4745 236
4746 234
4747 230
4748 233
4749 248
4750 227
4751 224
4752 237
4753 223
4754 223
4755 224
4756 229
4757 238
4758 237
4759 222
4760 234
4761 223
4762 221
4763 223
4764 223
4765 236
4766 223
4767 238
4768 223
4769 221
4770 235
4771 224
4772 223
4773 225
4774 224
4775 223
4776 238
4777 233
4778 235
4779 236
4780 226
4781 225
4782 236
4783 236
4784 235
4785 221
4786 235
4787 223
4788 238
4789 226
4790 223
4791 222
4792 224
4793 220
4794 223
4795 233
4796 221
4797 224
4798 237
4799 225
4800 235
4801 237
4802 238
4803 220
4804 220
4805 224
4806 238
4807 236
4808 224
4809 224
4810 223
4811 237
4812 224
4813 236
4814 225
4815 235
4816 223
4817 236
4818 235
4819 236
4820 226
4821 227
4822 223
4823 222
4824 237
4825 225
4826 223
4827 223
4828 234
4829 221
4830 230
4831 224
4832 223
4833 224
4834 223
4835 248
4836 221
4837 223
4838 224
4839 235
4840 234
4841 224
4842 222
4843 224
4844 235
4845 228
4846 222
4847 223
4848 225
4849 223
4850 217
4851 225
4852 223
4853 236
4854 223
4855 223
4856 236
4857 241
4858 233
4859 220
4860 223
4861 222
4862 239
4863 236
4864 230
4865 236
4866 235
4867 225
4868 231
4869 221
4870 236
4871 223
4872 238
4873 221
4874 236
4875 225
4876 222
4877 226
4878 222
4879 421
4880 222
4881 426
4882 224
4883 226
4884 227
4885 225
4886 225
4887 228
4888 235
4889 223
4890 222
4891 225
4892 236
4893 236
4894 224
4895 236
4896 231
4897 231
4898 236
4899 222
4900 222
4901 223
4902 222
4903 224
4904 236
4905 237
4906 236
4907 236
4908 221
4909 229
4910 236
4911 234
4912 236
4913 221
4914 229
4915 237
4916 223
4917 237
4918 230
4919 237
4920 237
4921 222
4922 225
4923 225
4924 235
4925 239
4926 224
4927 235
4928 237
4929 234
4930 226
4931 226
4932 235
4933 226
4934 220
4935 222
4936 236
4937 237
4938 225
4939 227
4940 222
4941 237
4942 236
4943 236
4944 236
4945 236
4946 225
4947 226
4948 228
4949 223
4950 224
4951 221
4952 227
4953 224
4954 223
4955 222
4956 238
4957 224
4958 226
4959 233
4960 222
4961 223
4962 223
4963 236
4964 228
4965 223
4966 225
4967 238
4968 222
4969 224
4970 225
4971 221
4972 237
4973 223
4974 234
4975 228
4976 224
4977 228
4978 224
4979 228
4980 224
4981 222
4982 237
4983 235
4984 224
4985 236
4986 223
4987 237
4988 186
4989 222
4990 222
4991 223
4992 223
4993 222
4994 237
4995 227
4996 224
4997 237
4998 234
4999 237
5000 237
5001 224
5002 227
5003 226
5004 237
5005 236
5006 224
5007 225
5008 231
5009 236
5010 224
5011 223
5012 233
5013 236
5014 375
5015 222
5016 225
5017 236
5018 236
5019 225
5020 223
5021 225
5022 236
5023 235
5024 223
5025 226
5026 222
5027 224
5028 236
5029 225
5030 224
5031 229
5032 238
5033 236
5034 324
5035 235
5036 219
5037 425
5038 226
5039 221
5040 238
5041 238
5042 222
5043 224
5044 225
5045 223
5046 224
5047 235
5048 224
5049 221
5050 222
5051 222
5052 225
5053 235
5054 223
5055 236
5056 225
5057 238
5058 235
5059 223
5060 223
5061 225
5062 222
5063 221
5064 222
5065 233
5066 237
5067 224
5068 224
5069 238
5070 221
5071 237
5072 220
5073 236
5074 223
5075 224
5076 222
5077 237
5078 236
5079 218
5080 227
5081 235
5082 222
5083 221
5084 223
5085 236
5086 221
5087 221
5088 221
5089 224
5090 216
5091 223
5092 240
5093 224
5094 222
5095 236
5096 225
5097 220
5098 235
5099 236
5100 222
5101 223
5102 225
5103 224
5104 219
5105 226
5106 237
5107 230
5108 224
5109 225
5110 223
5111 223
5112 224
5113 235
5114 235
5115 248
5116 222
5117 223
5118 234
5119 235
5120 229
5121 222
5122 235
5123 219
5124 236
5125 237
5126 224
5127 223
5128 237
5129 224
5130 235
5131 236
5132 224
5133 222
5134 236
5135 237
5136 235
5137 237
5138 223
5139 237
5140 232
5141 234
5142 237
5143 237
5144 224
5145 221
5146 236
5147 234
5148 222
5149 236
5150 237
5151 227
5152 219
5153 225
5154 236
5155 225
5156 237
5157 223
5158 223
5159 224
5160 224
5161 226
5162 221
5163 225
5164 224
5165 223
5166 235
5167 225
5168 237
5169 235
5170 287
5171 225
5172 226
5173 224
5174 236
5175 222
5176 237
5177 220
5178 222
5179 237
5180 236
5181 224
5182 237
5183 225
5184 224
5185 223
5186 239
5187 237
5188 221
5189 225
5190 225
5191 333
5192 227
5193 417
5194 224
5195 236
5196 220
5197 221
5198 221
5199 235
5200 222
5201 233
5202 241
5203 234
5204 239
5205 222
5206 222
5207 222
5208 175
5209 232
5210 223
5211 238
5212 238
5213 243
5214 239
5215 223
5216 230
5217 234
5218 240
5219 232
5220 233
5221 221
5222 244
5223 214
5224 229
5225 247
5226 242
5227 233
5228 241
5229 223
5230 222
5231 240
5232 234
5233 242
5234 244
5235 233
5236 238
5237 222
5238 243
5239 238
5240 239
5241 238
5242 242
5243 223
5244 223
5245 236
5246 238
5247 230
5248 220
5249 236
5250 225
5251 236
5252 238
5253 240
5254 224
5255 222
5256 231
5257 222
5258 241
5259 222
5260 235
5261 231
5262 241
5263 243
5264 231
5265 242
5266 237
5267 223
5268 222
5269 233
5270 239
5271 234
5272 237
5273 234
5274 235
5275 245
5276 223
5277 235
5278 221
5279 223
5280 233
5281 242
5282 233
5283 237
5284 231
5285 231
5286 236
5287 226
5288 237
5289 235
5290 233
5291 238
5292 221
5293 233
5294 228
5295 232
5296 220
5297 225
5298 231
5299 230
5300 218
5301 226
5302 232
5303 229
5304 230
5305 220
5306 235
5307 217
5308 215
5309 217
5310 238
5311 411
5312 265
5313 230
5314 221
5315 223
5316 230
5317 220
5318 230
5319 223
5320 218
5321 219
5322 221
5323 218
5324 229
5325 518
5326 460
5327 235
5328 229
5329 233
5330 219
5331 221
5332 221
5333 221
5334 218
5335 230
5336 218
5337 231
5338 217
5339 229
5340 219
5341 211
5342 217
5343 226
5344 235
5345 227
5346 426
5347 224
5348 423
5349 236
5350 222
5351 232
5352 231
5353 219
5354 221
5355 230
5356 235
5357 218
5358 219
5359 219
5360 230
5361 216
5362 235
5363 232
5364 221
5365 219
5366 230
5367 218
5368 232
5369 217
5370 220
5371 233
5372 236
5373 218
5374 231
5375 232
5376 231
5377 220
5378 218
5379 235
5380 218
5381 219
5382 220
5383 224
5384 222
5385 230
5386 217
5387 225
5388 218
5389 221
5390 220
5391 220
5392 232
5393 220
5394 218
5395 220
5396 232
5397 221
5398 220
5399 219
5400 227
5401 220
5402 235
5403 218
5404 231
5405 221
5406 219
5407 219
5408 234
5409 217
5410 219
5411 219
5412 224
5413 218
5414 215
5415 221
5416 219
5417 219
5418 218
5419 230
5420 221
5421 216
5422 217
5423 220
5424 233
5425 220
5426 217
5427 220
5428 223
5429 185
5430 218
5431 232
5432 219
5433 232
5434 219
5435 218
5436 232
5437 219
5438 229
5439 219
5440 232
5441 232
5442 234
5443 219
5444 218
5445 219
5446 230
5447 233
5448 221
5449 233
5450 218
5451 218
5452 233
5453 219
5454 220
5455 217
5456 215
5457 218
5458 232
5459 223
5460 223
5461 222
5462 235
5463 236
5464 220
5465 230
5466 217
5467 226
5468 335
5469 234
5470 237
5471 222
5472 218
5473 218
5474 223
5475 217
5476 231
5477 217
5478 219
5479 235
5480 293
5481 420
5482 249
5483 233
5484 217
5485 220
5486 217
5487 217
5488 219
5489 233
5490 219
5491 230
5492 232
5493 217
5494 217
5495 217
5496 235
5497 220
5498 221
5499 221
5500 238
5501 567
5502 220
5503 327
5504 260
5505 218
5506 221
5507 219
5508 235
5509 223
5510 230
5511 233
5512 217
5513 218
5514 313
5515 429
5516 217
5517 232
5518 220
5519 220
5520 221
5521 234
5522 232
5523 217
5524 218
5525 233
5526 217
5527 220
5528 231
5529 219
5530 216
5531 222
5532 219
5533 220
5534 235
5535 225
5536 218
5537 230
5538 218
5539 221
5540 218
5541 220
5542 233
5543 219
5544 216
5545 228
5546 222
5547 231
5548 218
5549 223
5550 234
5551 221
5552 218
5553 217
5554 232
5555 233
5556 230
5557 230
5558 220
5559 230
5560 204
5561 219
5562 180
5563 235
5564 216
5565 219
5566 222
5567 222
5568 223
5569 230
5570 218
5571 229
5572 217
5573 233
5574 221
5575 221
5576 230
5577 217
5578 221
5579 222
5580 232
5581 218
5582 231
5583 230
5584 220
5585 231
5586 226
5587 231
5588 216
5589 217
5590 222
5591 221
5592 233
5593 235
5594 233
5595 234
5596 222
5597 219
5598 224
5599 234
5600 219
5601 232
5602 217
5603 236
5604 183
5605 231
5606 228
5607 218
5608 235
5609 218
5610 229
5611 216
5612 218
5613 217
5614 219
5615 238
5616 232
5617 218
5618 236
5619 233
5620 229
5621 217
5622 233
5623 293
5624 349
5625 223
5626 235
5627 224
5628 223
5629 232
5630 233
5631 232
5632 234
5633 220
5634 234
5635 222
5636 702
5637 306
5638 219
5639 233
5640 224
5641 232
5642 219
5643 232
5644 232
5645 228
5646 222
5647 222
5648 231
5649 235
5650 217
5651 219
5652 223
5653 236
5654 234
5655 228
5656 423
5657 223
5658 416
5659 233
5660 217
5661 236
5662 232
5663 229
5664 222
5665 233
5666 232
5667 230
5668 233
5669 232
5670 219
5671 217
5672 231
5673 232
5674 227
5675 232
5676 229
5677 229
5678 233
5679 218
5680 222
5681 217
5682 233
5683 221
5684 224
5685 224
5686 231
5687 233
5688 223
5689 222
5690 232
5691 231
5692 224
5693 233
5694 218
5695 223
5696 217
5697 152
5698 219
5699 231
5700 203
5701 230
5702 220
5703 217
5704 222
5705 231
5706 232
5707 219
5708 216
5709 234
5710 233
5711 219
5712 230
5713 218
5714 216
5715 229
5716 219
5717 229
5718 220
5719 229
5720 218
5721 195
5722 220
5723 220
5724 235
5725 223
5726 217
5727 234
5728 231
5729 231
5730 237
5731 232
5732 219
5733 231
5734 219
5735 219
5736 220
5737 230
5738 224
5739 230
5740 219
5741 218
5742 219
5743 219
5744 220
5745 231
5746 217
5747 219
5748 221
5749 235
5750 234
5751 217
5752 230
5753 219
5754 217
5755 232
5756 217
5757 231
5758 234
5759 219
5760 220
5761 233
5762 221
5763 218
5764 216
5765 233
5766 219
5767 234
5768 217
5769 218
5770 221
5771 219
5772 237
5773 221
5774 218
5775 220
5776 235
5777 228
5778 241
5779 334
5780 220
5781 217
5782 233
5783 221
5784 231
5785 219
5786 229
5787 220
5788 230
5789 232
5790 221
5791 234
5792 451
5793 405
5794 223
5795 218
5796 229
5797 220
5798 232
5799 223
5800 219
5801 236
5802 231
5803 230
5804 223
5805 230
5806 225
5807 218
5808 230
5809 228
5810 217
5811 221
5812 239
5813 324
5814 223
5815 404
5816 234
5817 234
5818 223
5819 216
5820 233
5821 231
5822 233
5823 232
5824 218
5825 220
5826 217
5827 211
5828 218
5829 216
5830 219
5831 217
5832 223
5833 233
5834 223
5835 230
5836 231
5837 236
5838 221
5839 219
5840 219
5841 231
5842 231
5843 224
5844 233
5845 235
5846 218
5847 233
5848 218
5849 231
5850 217
5851 220
5852 220
5853 221
5854 222
5855 226
5856 237
5857 218
5858 219
5859 216
5860 219
5861 220
5862 235
5863 217
5864 221
5865 219
5866 220
5867 223
5868 215
5869 233
5870 218
5871 217
5872 229
5873 237
5874 217
5875 220
5876 230
5877 216
5878 219
5879 231
5880 218
5881 219
5882 224
5883 230
5884 220
5885 229
5886 236
5887 217
5888 230
5889 242
5890 231
5891 221
5892 227
5893 233
5894 230
5895 232
5896 229
5897 220
5898 220
5899 217
5900 232
5901 230
5902 529
5903 216
5904 218
5905 219
5906 564
5907 231
5908 226
5909 234
5910 218
5911 226
5912 443
5913 266
5914 609
5915 218
5916 232
5917 234
5918 220
5919 455
5920 303
5921 225
5922 221
5923 215
5924 232
5925 219
5926 218
5927 220
5928 223
5929 278
5930 219
5931 230
5932 211
5933 229
5934 231
5935 217
5936 234
5937 219
5938 217
5939 221
5940 233
5941 218
5942 234
5943 234
5944 232
5945 230
5946 322
5947 532
5948 219
5949 216
5950 218
5951 218
5952 217
5953 217
5954 217
5955 236
5956 221
5957 217
5958 227
5959 229
5960 231
5961 237
5962 231
5963 232
5964 235
5965 221
5966 234
5967 230
5968 236
5969 419
5970 238
5971 272
5972 218
5973 222
5974 216
5975 220
5976 216
5977 231
5978 217
5979 230
5980 217
5981 231
5982 217
5983 235
5984 216
5985 232
5986 231
5987 233
5988 233
5989 220
5990 218
5991 220
5992 230
5993 222
5994 223
5995 234
5996 219
5997 219
5998 219
5999 233
6000 218
6001 219
6002 232
6003 314
6004 625
6005 471
6006 505
6007 219
6008 220
6009 235
6010 216
6011 218
6012 233
6013 234
6014 220
6015 231
6016 218
6017 222
6018 172
6019 228
6020 218
6021 218
6022 218
6023 230
6024 230
6025 231
6026 229
6027 233
6028 221
6029 233
6030 216
6031 233
6032 217
6033 232
6034 231
6035 218
6036 331
6037 221
6038 217
6039 220
6040 232
6041 230
6042 376
6043 389
6044 223
6045 236
6046 233
6047 221
6048 219
6049 229
6050 222
6051 233
6052 229
6053 218
6054 233
6055 217
6056 223
6057 217
6058 219
6059 220
6060 233
6061 224
6062 232
6063 234
6064 224
6065 235
6066 231
6067 217
6068 230
6069 218
6070 218
6071 220
6072 232
6073 225
6074 218
6075 231
6076 230
6077 231
6078 241
6079 445
6080 218
6081 218
6082 306
6083 264
6084 225
6085 216
6086 231
6087 217
6088 228
6089 232
6090 218
6091 226
6092 231
6093 232
6094 225
6095 231
6096 233
6097 217
6098 219
6099 230
6100 223
6101 218
6102 221
6103 219
6104 230
6105 229
6106 232
6107 228
6108 217
6109 216
6110 362
6111 282
6112 229
6113 231
6114 219
6115 217
6116 231
6117 219
6118 231
6119 217
6120 455
6121 445
6122 219
6123 229
6124 217
6125 226
6126 217
6127 231
6128 229
6129 219
6130 220
6131 218
6132 219
6133 230
6134 230
6135 216
6136 229
6137 229
6138 219
6139 217
6140 228
6141 230
6142 231
6143 220
6144 229
6145 218
6146 231
6147 230
6148 218
6149 217
6150 219
6151 221
6152 219
6153 217
6154 228
6155 230
6156 218
6157 232
6158 219
6159 218
6160 229
6161 221
6162 229
6163 217
6164 231
6165 219
6166 229
6167 229
6168 217
6169 219
6170 217
6171 217
6172 237
6173 220
6174 218
6175 220
6176 219
6177 232
6178 229
6179 219
6180 220
6181 222
6182 217
6183 231
6184 217
6185 224
6186 218
6187 221
6188 219
6189 220
6190 219
6191 222
6192 220
6193 229
6194 230
6195 221
6196 219
6197 222
6198 218
6199 220
6200 219
6201 219
6202 218
6203 219
6204 219
6205 220
6206 220
6207 231
6208 219
6209 213
6210 218
6211 220
6212 229
6213 218
6214 219
6215 228
6216 228
6217 232
6218 265
6219 223
6220 234
6221 224
6222 241
6223 223
6224 235
6225 224
6226 217
6227 236
6228 223
6229 226
6230 223
6231 229
6232 235
6233 229
6234 223
6235 234
6236 351
6237 234
6238 221
6239 234
6240 223
6241 223
6242 222
6243 223
6244 224
6245 223
6246 224
6247 221
6248 224
6249 236
6250 222
6251 234
6252 408
6253 224
6254 235
6255 225
6256 236
6257 224
6258 236
6259 223
6260 234
6261 224
6262 223
6263 225
6264 236
6265 224
6266 225
6267 229
6268 239
6269 221
6270 235
6271 222
6272 225
6273 223
6274 228
6275 237
6276 227
6277 229
6278 236
6279 237
6280 234
6281 227
6282 223
6283 224
6284 223
6285 223
6286 226
6287 234
6288 223
6289 223
6290 232
6291 222
6292 221
6293 232
6294 234
6295 227
6296 209
6297 230
6298 227
6299 221
6300 222
6301 223
6302 234
6303 224
6304 225
6305 226
6306 225
6307 236
6308 224
6309 228
6310 236
6311 221
6312 234
6313 235
6314 359
6315 226
6316 225
6317 225
6318 222
6319 224
6320 235
6321 235
6322 221
6323 224
6324 224
6325 227
6326 223
6327 233
6328 223
6329 235
6330 237
6331 226
6332 228
6333 227
6334 229
6335 222
6336 227
6337 208
6338 236
6339 225
6340 224
6341 224
6342 226
6343 236
6344 228
6345 226
6346 236
6347 228
6348 226
6349 235
6350 226
6351 225
6352 239
6353 237
6354 222
6355 225
6356 226
6357 221
6358 236
6359 224
6360 234
6361 221
6362 236
6363 225
6364 223
6365 226
6366 228
6367 234
6368 172
6369 223
6370 224
6371 233
6372 223
6373 236
6374 236
6375 230
6376 236
6377 237
6378 226
6379 238
6380 225
6381 224
6382 236
6383 225
6384 224
6385 226
6386 226
6387 237
6388 225
6389 224
6390 224
6391 223
6392 228
6393 233
6394 224
6395 225
6396 236
6397 225
6398 235
6399 224
6400 225
6401 223
6402 223
6403 224
6404 234
6405 227
6406 221
6407 225
6408 237
6409 234
6410 240
6411 234
6412 222
6413 233
6414 235
6415 234
6416 223
6417 175
6418 225
6419 217
6420 234
6421 222
6422 410
6423 233
6424 313
6425 226
6426 235
6427 223
6428 238
6429 232
6430 224
6431 225
6432 222
6433 223
6434 232
6435 222
6436 227
6437 222
6438 225
6439 334
6440 221
6441 224
6442 234
6443 225
6444 409
6445 229
6446 225
6447 227
6448 236
6449 236
6450 224
6451 235
6452 235
6453 223
6454 231
6455 236
6456 225
6457 225
6458 224
6459 228
6460 234
6461 236
6462 223
6463 464
6464 281
6465 222
6466 234
6467 222
6468 235
6469 221
6470 233
6471 224
6472 223
6473 225
6474 235
6475 221
6476 232
6477 235
6478 235
6479 223
6480 223
6481 225
6482 234
6483 223
6484 223
6485 235
6486 175
6487 224
6488 232
6489 233
6490 226
6491 236
6492 223
6493 235
6494 227
6495 222
6496 224
6497 222
6498 222
6499 225
6500 228
6501 226
6502 240
6503 225
6504 224
6505 224
6506 234
6507 223
6508 226
6509 223
6510 222
6511 225
6512 221
6513 233
6514 225
6515 234
6516 221
6517 235
6518 229
6519 224
6520 225
6521 223
6522 236
6523 236
6524 224
6525 234
6526 230
6527 234
6528 224
6529 234
6530 222
6531 235
6532 226
6533 235
6534 224
6535 188
6536 223
6537 223
6538 232
6539 221
6540 223
6541 243
6542 223
6543 221
6544 235
6545 221
6546 232
6547 221
6548 578
6549 233
6550 234
6551 225
6552 225
6553 218
6554 225
6555 234
6556 225
6557 233
6558 224
6559 224
6560 349
6561 335
6562 223
6563 234
6564 234
6565 236
6566 223
6567 233
6568 223
6569 224
6570 224
6571 223
6572 237
6573 233
6574 224
6575 232
6576 234
6577 234
6578 223
6579 220
6580 410
6581 225
6582 235
6583 228
6584 230
6585 232
6586 237
6587 228
6588 223
6589 224
6590 224
6591 237
6592 228
6593 229
6594 232
6595 224
6596 223
6597 228
6598 224
6599 416
6600 235
6601 235
6602 225
6603 224
6604 222
6605 223
6606 226
6607 225
6608 219
6609 236
6610 224
6611 234
6612 226
6613 225
6614 220
6615 233
6616 222
6617 221
6618 236
6619 236
6620 218
6621 223
6622 221
6623 223
6624 223
6625 223
6626 222
6627 236
6628 234
6629 222
6630 224
6631 235
6632 235
6633 236
6634 225
6635 236
6636 234
6637 222
6638 222
6639 226
6640 222
6641 222
6642 223
6643 235
6644 222
6645 223
6646 223
6647 221
6648 223
6649 222
6650 235
6651 217
6652 225
6653 223
6654 223
6655 222
6656 234
6657 222
6658 234
6659 224
6660 222
6661 225
6662 224
6663 223
6664 236
6665 223
6666 224
6667 223
6668 224
6669 236
6670 225
6671 235
6672 223
6673 235
6674 234
6675 222
6676 222
6677 235
6678 222
6679 221
6680 233
6681 222
6682 223
6683 233
6684 233
6685 225
6686 233
6687 233
6688 225
6689 224
6690 222
6691 233
6692 236
6693 235
6694 223
6695 234
6696 329
6697 288
6698 294
6699 342
6700 225
6701 236
6702 221
6703 222
6704 236
6705 223
6706 221
6707 236
6708 235
6709 223
6710 234
6711 224
6712 224
6713 234
6714 221
6715 222
6716 226
6717 534
6718 226
6719 401
6720 236
6721 234
6722 234
6723 229
6724 226
6725 235
6726 234
6727 224
6728 221
6729 233
6730 200
6731 237
6732 236
6733 226
6734 223
6735 223
6736 234
6737 415
6738 234
6739 408
6740 234
6741 222
6742 222
6743 233
6744 222
6745 233
6746 223
6747 233
6748 224
6749 234
6750 222
6751 230
6752 221
6753 234
6754 234
6755 222
6756 218
6757 235
6758 223
6759 224
6760 239
6761 227
6762 223
6763 222
6764 221
6765 236
6766 225
6767 233
6768 233
6769 227
6770 222
6771 229
6772 220
6773 234
6774 224
6775 233
6776 222
6777 234
6778 221
6779 238
6780 172
6781 222
6782 224
6783 234
6784 222
6785 223
6786 223
6787 235
6788 221
6789 233
6790 221
6791 229
6792 234
6793 224
6794 235
6795 225
6796 224
6797 228
6798 224
6799 234
6800 234
6801 223
6802 222
6803 223
6804 228
6805 236
6806 221
6807 233
6808 236
6809 222
6810 227
6811 223
6812 225
6813 223
6814 234
6815 224
6816 223
6817 224
6818 235
6819 224
6820 233
6821 235
6822 233
6823 235
6824 234
6825 226
6826 223
6827 223
6828 224
6829 223
6830 222
6831 223
6832 221
6833 223
6834 234
6835 224
6836 223
6837 226
6838 222
6839 222
6840 235
6841 227
6842 222
6843 234
6844 225
6845 237
6846 221
6847 234
6848 188
6849 223
6850 235
6851 238
6852 222
6853 233
6854 237
6855 235
6856 222
6857 277
6858 234
6859 222
6860 233
6861 225
6862 456
6863 424
6864 235
6865 234
6866 284
6867 223
6868 223
6869 235
6870 366
6871 242
6872 392
6873 225
6874 235
6875 223
6876 222
6877 224
6878 234
6879 221
6880 222
6881 224
6882 225
6883 233
6884 225
6885 222
6886 235
6887 234
6888 221
6889 234
6890 221
6891 417
6892 225
6893 336
6894 233
6895 222
6896 221
6897 223
6898 209
6899 234
6900 219
6901 236
6902 222
6903 225
6904 224
6905 226
6906 233
6907 224
6908 235
6909 224
6910 236
6911 222
6912 221
6913 222
6914 234
6915 227
6916 231
6917 224
6918 206
6919 224
6920 223
6921 233
6922 222
6923 223
6924 221
6925 227
6926 224
6927 224
6928 221
6929 223
6930 232
6931 234
6932 220
6933 235
6934 233
6935 226
6936 223
6937 233
6938 224
6939 223
6940 227
6941 225
6942 234
6943 235
6944 235
6945 222
6946 235
6947 234
6948 234
6949 233
6950 235
6951 236
6952 221
6953 223
6954 235
6955 220
6956 222
6957 234
6958 222
6959 224
6960 222
6961 223
6962 236
6963 234
6964 227
6965 222
6966 234
6967 222
6968 222
6969 225
6970 224
6971 223
6972 223
6973 223
6974 225
6975 224
6976 234
6977 223
6978 225
6979 223
6980 228
6981 224
6982 234
6983 225
6984 235
6985 221
6986 223
6987 235
6988 222
6989 222
6990 223
6991 222
6992 235
6993 222
6994 224
6995 224
6996 222
6997 237
6998 222
6999 226
7000 226
7001 224
7002 235
7003 222
7004 222
7005 221
7006 221
7007 234
7008 224
7009 224
7010 224
7011 223
7012 223
7013 235
7014 223
7015 222
7016 237
7017 222
7018 234
7019 233
7020 220
7021 235
7022 235
7023 234
7024 341
7025 221
7026 221
7027 226
7028 226
7029 233
7030 222
7031 234
7032 223
7033 234
7034 233
7035 221
7036 222
7037 222
7038 224
7039 223
7040 234
7041 222
7042 233
7043 235
7044 221
7045 327
7046 232
7047 367
7048 234
7049 235
7050 225
7051 220
7052 188
7053 235
7054 221
7055 233
7056 226
7057 223
7058 224
7059 225
7060 233
7061 235
7062 220
7063 223
7064 225
7065 223
7066 222
7067 225
7068 224
7069 234
7070 222
7071 235
7072 235
7073 222
7074 225
7075 225
7076 224
7077 224
7078 223
7079 235
7080 223
7081 221
7082 224
7083 222
7084 223
7085 226
7086 235
7087 224
7088 224
7089 221
7090 235
7091 222
7092 223
7093 234
7094 224
7095 222
7096 222
7097 224
7098 223
7099 221
7100 235
7101 233
7102 223
7103 225
7104 226
7105 223
7106 225
7107 235
7108 210
7109 233
7110 233
7111 234
7112 223
7113 222
7114 224
7115 223
7116 234
7117 234
7118 237
7119 223
7120 223
7121 209
7122 233
7123 234
7124 222
7125 225
7126 207
7127 224
7128 233
7129 223
7130 225
7131 223
7132 225
7133 222
7134 223
7135 236
7136 225
7137 223
7138 224
7139 234
7140 223
7141 234
7142 228
7143 234
7144 234
7145 234
7146 222
7147 234
7148 221
7149 269
7150 228
7151 217
7152 217
7153 234
7154 195
7155 221
7156 231
7157 218
7158 231
7159 229
7160 218
7161 218
7162 217
7163 217
7164 229
7165 215
7166 227
7167 269
7168 285
7169 228
7170 218
7171 216
7172 231
7173 229
7174 217
7175 218
7176 219
7177 221
7178 219
7179 218
7180 288
7181 457
7182 219
7183 229
7184 230
7185 229
7186 217
7187 225
7188 232
7189 229
7190 218
7191 219
7192 218
7193 217
7194 219
7195 223
7196 217
7197 229
7198 231
7199 233
7200 229
7201 219
7202 278
7203 315
7204 273
7205 229
7206 168
7207 218
7208 228
7209 218
7210 220
7211 217
7212 229
7213 213
7214 217
7215 218
7216 227
7217 218
7218 216
7219 217
7220 220
7221 219
7222 218
7223 219
7224 217
7225 229
7226 228
7227 219
7228 218
7229 227
7230 228
7231 229
7232 222
7233 217
7234 230
7235 231
7236 228
7237 219
7238 229
7239 228
7240 218
7241 220
7242 219
7243 218
7244 217
7245 215
7246 218
7247 229
7248 217
7249 228
7250 220
7251 229
7252 218
7253 229
7254 228
7255 220
7256 217
7257 222
7258 217
7259 218
7260 232
7261 217
7262 228
7263 228
7264 231
7265 217
7266 228
7267 229
7268 217
7269 220
7270 230
7271 218
7272 217
7273 217
7274 219
7275 219
7276 218
7277 215
7278 217
7279 230
7280 218
7281 230
7282 229
7283 218
7284 219
7285 219
7286 219
7287 226
7288 217
7289 230
7290 217
7291 222
7292 220
7293 228
7294 217
7295 232
7296 218
7297 217
7298 213
7299 219
7300 216
7301 218
7302 230
7303 229
7304 221
7305 217
7306 217
7307 219
7308 228
7309 217
7310 219
7311 230
7312 217
7313 229
7314 230
7315 230
7316 228
7317 219
7318 219
7319 228
7320 219
7321 218
7322 218
7323 219
7324 230
7325 230
7326 283
7327 384
7328 220
7329 219
7330 229
7331 218
7332 228
7333 218
7334 219
7335 216
7336 215
7337 216
7338 228
7339 342
7340 401
7341 218
7342 217
7343 241
7344 219
7345 229
7346 215
7347 219
7348 228
7349 229
7350 230
7351 230
7352 228
7353 229
7354 217
7355 220
7356 229
7357 231
7358 216
7359 230
7360 518
7361 338
7362 374
7363 313
7364 269
7365 234
7366 228
7367 218
7368 230
7369 216
7370 234
7371 237
7372 226
7373 239
7374 236
7375 218
7376 226
7377 228
7378 239
7379 216
7380 229
7381 236
7382 218
7383 216
7384 226
7385 227
7386 227
7387 217
7388 216
7389 228
7390 233
7391 228
7392 228
7393 238
7394 218
7395 237
7396 225
7397 229
7398 240
7399 236
7400 212
7401 221
7402 238
7403 237
7404 227
7405 219
7406 232
7407 217
7408 237
7409 216
7410 233
7411 218
7412 228
7413 228
7414 233
7415 228
7416 217
7417 232
7418 235
7419 233
7420 233
7421 237
7422 235
7423 217
7424 231
7425 217
7426 233
7427 224
7428 219
7429 259
7430 221
7431 217
7432 219
7433 232
7434 222
7435 235
7436 223
7437 237
7438 238
7439 229
7440 218
7441 217
7442 223
7443 220
7444 220
7445 218
7446 218
7447 231
7448 236
7449 217
7450 221
7451 217
7452 223
7453 218
7454 224
7455 225
7456 233
7457 216
7458 235
7459 223
7460 217
7461 218
7462 232
7463 220
7464 216
7465 220
7466 220
7467 234
7468 223
7469 227
7470 218
7471 232
7472 223
7473 219
7474 220
7475 235
7476 220
7477 236
7478 231
7479 218
7480 218
7481 334
7482 225
7483 233
7484 224
7485 221
7486 222
7487 236
7488 223
7489 218
7490 216
7491 237
7492 224
7493 218
7494 385
7495 224
7496 224
7497 217
7498 234
7499 220
7500 236
7501 218
7502 224
7503 235
7504 227
7505 233
7506 216
7507 236
7508 231
7509 216
7510 218
7511 217
7512 232
7513 236
7514 433
7515 233
7516 462
7517 217
7518 220
7519 231
7520 235
7521 220
7522 229
7523 219
7524 223
7525 218
7526 220
7527 232
7528 224
7529 222
7530 217
7531 214
7532 217
7533 232
7534 217
7535 217
7536 232
7537 236
7538 238
7539 234
7540 220
7541 222
7542 232
7543 233
7544 218
7545 235
7546 219
7547 231
7548 220
7549 230
7550 217
7551 216
7552 223
7553 219
7554 217
7555 225
7556 217
7557 231
7558 230
7559 232
7560 217
7561 234
7562 234
7563 234
7564 217
7565 222
7566 218
7567 236
7568 232
7569 233
7570 217
7571 231
7572 221
7573 230
7574 235
7575 220
7576 170
7577 221
7578 218
7579 233
7580 217
7581 220
7582 231
7583 234
7584 222
7585 231
7586 233
7587 231
7588 234
7589 220
7590 218
7591 219
7592 233
7593 233
7594 219
7595 233
7596 218
7597 233
7598 219
7599 233
7600 226
7601 221
7602 219
7603 221
7604 217
7605 220
7606 220
7607 234
7608 233
7609 226
7610 217
7611 235
7612 235
7613 236
7614 224
7615 217
7616 217
7617 219
7618 216
7619 224
7620 222
7621 222
7622 217
7623 237
7624 226
7625 236
7626 232
7627 234
7628 222
7629 219
7630 219
7631 140
7632 222
7633 220
7634 217
7635 221
7636 233
7637 232
7638 283
7639 457
7640 220
7641 236
7642 218
7643 220
7644 219
7645 241
7646 218
7647 231
7648 235
7649 232
7650 345
7651 321
7652 234
7653 236
7654 219
7655 221
7656 232
7657 235
7658 221
7659 236
7660 229
7661 198
7662 219
7663 222
7664 232
7665 235
7666 232
7667 219
7668 219
7669 219
7670 220
7671 434
7672 233
7673 421
7674 216
7675 236
7676 222
7677 218
7678 221
7679 221
7680 216
7681 233
7682 222
7683 235
7684 217
7685 227
7686 216
7687 222
7688 221
7689 217
7690 234
7691 234
7692 207
7693 216
7694 222
7695 233
7696 224
7697 224
7698 218
7699 224
7700 219
7701 219
7702 214
7703 227
7704 222
7705 219
7706 236
7707 231
7708 220
7709 218
7710 235
7711 219
7712 217
7713 229
7714 235
7715 218
7716 227
7717 222
7718 221
7719 237
7720 236
7721 213
7722 222
7723 220
7724 223
7725 337
7726 217
7727 219
7728 223
7729 219
7730 235
7731 222
7732 220
7733 231
7734 218
7735 224
7736 233
7737 236
7738 224
7739 223
7740 220
7741 234
7742 235
7743 218
7744 219
7745 234
7746 231
7747 235
7748 219
7749 218
7750 231
7751 219
7752 227
7753 219
7754 236
7755 221
7756 232
7757 219
7758 221
7759 231
7760 223
7761 232
7762 217
7763 233
7764 220
7765 235
7766 215
7767 227
7768 219
7769 229
7770 219
7771 218
7772 234
7773 238
7774 223
7775 234
7776 219
7777 232
7778 227
7779 219
7780 236
7781 232
7782 206
7783 232
7784 216
7785 218
7786 222
7787 221
7788 219
7789 226
7790 232
7791 234
7792 220
7793 220
7794 354
7795 402
7796 217
7797 218
7798 215
7799 236
7800 237
7801 229
7802 216
7803 224
7804 217
7805 221
7806 236
7807 220
7808 483
7809 239
7810 225
7811 232
7812 234
7813 217
7814 220
7815 223
7816 221
7817 224
7818 219
7819 223
7820 334
7821 217
7822 219
7823 232
7824 217
7825 234
7826 218
7827 218
7828 405
7829 233
7830 391
7831 220
7832 236
7833 219
7834 232
7835 246
7836 217
7837 235
7838 220
7839 219
7840 219
7841 434
7842 221
7843 235
7844 234
7845 223
7846 236
7847 235
7848 218
7849 236
7850 218
7851 233
7852 234
7853 234
7854 218
7855 221
7856 220
7857 219
7858 234
7859 219
7860 232
7861 235
7862 219
7863 221
7864 217
7865 234
7866 235
7867 323
7868 667
7869 511
7870 544
7871 344
7872 235
7873 234
7874 292
7875 413
7876 213
7877 221
7878 222
7879 220
7880 221
7881 217
7882 220
7883 217
7884 221
7885 232
7886 218
7887 233
7888 232
7889 220
7890 227
7891 233
7892 216
7893 222
7894 217
7895 232
7896 233
7897 226
7898 216
7899 219
7900 226
7901 218
7902 220
7903 218
7904 219
7905 225
7906 217
7907 225
7908 236
7909 221
7910 224
7911 222
7912 235
7913 216
7914 218
7915 233
7916 236
7917 236
7918 217
7919 233
7920 235
7921 213
7922 236
7923 230
7924 233
7925 224
7926 217
7927 217
7928 246
7929 234
7930 233
7931 218
7932 217
7933 217
7934 234
7935 220
7936 236
7937 232
7938 218
7939 219
7940 232
7941 234
7942 233
7943 221
7944 219
7945 217
7946 217
7947 219
7948 223
7949 234
7950 233
7951 230
7952 234
7953 219
7954 221
7955 217
7956 234
7957 218
7958 217
7959 218
7960 224
7961 221
7962 477
7963 337
7964 214
7965 235
7966 234
7967 235
7968 234
7969 226
7970 237
7971 216
7972 234
7973 235
7974 221
7975 235
7976 236
7977 234
7978 221
7979 236
7980 234
7981 235
7982 235
7983 219
7984 235
7985 232
7986 221
7987 224
7988 220
7989 218
7990 224
7991 232
7992 322
7993 274
7994 186
7995 415
7996 224
7997 218
7998 226
7999 221
8000 220
8001 233
8002 225
8003 217
8004 235
8005 224
8006 235
8007 216
8008 217
8009 222
8010 219
8011 222
8012 237
8013 218
8014 219
8015 233
8016 226
8017 218
8018 222
8019 382
8020 222
8021 235
8022 218
8023 213
8024 218
8025 220
8026 236
8027 219
8028 235
8029 237
8030 217
8031 218
8032 218
8033 222
8034 221
8035 224
8036 235
8037 221
8038 217
8039 220
8040 218
8041 222
8042 217
8043 218
8044 223
8045 218
8046 236
8047 232
8048 223
8049 223
8050 209
8051 219
8052 234
8053 234
8054 220
8055 221
8056 235
8057 231
8058 217
8059 235
8060 233
8061 234
8062 216
8063 234
8064 235
8065 223
8066 226
8067 221
8068 217
8069 231
8070 234
8071 223
8072 231
8073 215
8074 223
8075 235
8076 218
8077 226
8078 231
8079 231
8080 222
8081 220
8082 235
8083 221
8084 221
8085 221
8086 218
8087 218
8088 217
8089 217
8090 218
8091 233
8092 234
8093 234
8094 221
8095 220
8096 234
8097 220
8098 234
8099 349
8100 234
8101 233
8102 236
8103 218
8104 229
8105 231
8106 217
8107 216
8108 236
8109 218
8110 218
8111 219
8112 218
8113 352
8114 389
8115 233
8116 231
8117 233
8118 221
8119 234
8120 237
8121 235
8122 221
8123 217
8124 236
8125 221
8126 220
8127 217
8128 218
8129 221
8130 229
8131 222
8132 221
8133 223
8134 231
8135 414
8136 223
8137 411
8138 238
8139 232
8140 222
8141 219
8142 233
8143 219
8144 236
8145 236
8146 232
8147 221
8148 231
8149 216
8150 232
8151 226
8152 218
8153 234
8154 219
8155 233
8156 217
8157 234
8158 234
8159 219
8160 231
8161 235
8162 220
8163 236
8164 218
8165 219
8166 233
8167 217
8168 220
8169 211
8170 219
8171 231
8172 235
8173 231
8174 235
8175 232
8176 234
8177 220
8178 231
8179 222
8180 231
8181 219
8182 218
8183 225
8184 218
8185 222
8186 223
8187 218
8188 218
8189 235
8190 222
8191 225
8192 218
8193 236
8194 232
8195 233
8196 237
8197 237
8198 235
8199 221
8200 219
8201 223
8202 233
8203 235
8204 234
8205 232
8206 235
8207 234
8208 232
8209 232
8210 237
8211 222
8212 222
8213 219
8214 219
8215 234
8216 221
8217 219
8218 219
8219 220
8220 232
8221 220
8222 224
8223 213
8224 218
8225 221
8226 226
8227 235
8228 223
8229 235
8230 233
8231 217
8232 221
8233 231
8234 219
8235 216
8236 176
8237 223
8238 222
8239 216
8240 217
8241 222
8242 218
8243 220
8244 217
8245 222
8246 231
8247 235
8248 232
8249 234
8250 217
8251 236
8252 236
8253 222
8254 236
8255 233
8256 267
8257 232
8258 221
8259 219
8260 232
8261 232
8262 217
8263 220
8264 217
8265 223
8266 218
8267 218
8268 279
8269 406
8270 235
8271 233
8272 238
8273 217
8274 233
8275 224
8276 219
8277 219
8278 226
8279 234
8280 221
8281 217
8282 225
8283 218
8284 224
8285 235
8286 232
8287 217
8288 222
8289 423
8290 220
8291 415
8292 233
8293 217
8294 221
8295 218
8296 221
8297 223
8298 218
8299 223
8300 232
8301 220
8302 217
8303 235
8304 232
8305 218
8306 218
8307 225
8308 213
8309 219
8310 219
8311 231
8312 217
8313 232
8314 220
8315 219
8316 218
8317 218
8318 235
8319 219
8320 233
8321 217
8322 218
8323 235
8324 218
8325 218
8326 220
8327 232
8328 234
8329 235
8330 236
8331 221
8332 232
8333 220
8334 234
8335 220
8336 218
8337 225
8338 218
8339 217
8340 215
8341 234
8342 234
8343 221
8344 223
8345 219
8346 220
8347 220
8348 231
8349 236
8350 219
8351 222
8352 216
8353 217
8354 219
8355 224
8356 222
8357 217
8358 232
8359 233
8360 222
8361 218
8362 217
8363 215
8364 235
8365 234
8366 222
8367 220
8368 236
8369 234
8370 216
8371 219
8372 217
8373 272
8374 215
8375 219
8376 231
8377 234
8378 232
8379 238
8380 222
8381 222
8382 225
8383 232
8384 219
8385 234
8386 237
8387 235
8388 236
8389 233
8390 236
8391 219
8392 220
8393 217
8394 232
8395 232
8396 218
8397 223
8398 217
8399 230
8400 216
8401 222
8402 219
8403 216
8404 222
8405 235
8406 235
8407 219
8408 214
8409 219
8410 235
8411 225
8412 421
8413 337
8414 220
8415 218
8416 216
8417 221
8418 235
8419 220
8420 236
8421 218
8422 219
8423 227
8424 222
8425 395
8426 335
8427 233
8428 220
8429 220
8430 234
8431 216
8432 234
8433 222
8434 233
8435 239
8436 220
8437 231
8438 219
8439 223
8440 234
8441 234
8442 216
8443 219
8444 217
8445 441
8446 237
8447 434
8448 226
8449 233
8450 232
8451 232
8452 218
8453 218
8454 229
8455 218
8456 232
8457 217
8458 234
8459 232
8460 233
8461 228
8462 230
8463 219
8464 220
8465 218
8466 228
8467 225
8468 228
8469 234
8470 222
8471 315
8472 229
8473 219
8474 229
8475 220
8476 219
8477 230
8478 218
8479 234
8480 222
8481 224
8482 219
8483 217
8484 217
8485 220
8486 229
8487 216
8488 231
8489 232
8490 219
8491 217
8492 234
8493 234
8494 229
8495 228
8496 232
8497 222
8498 228
8499 221
8500 218
8501 230
8502 220
8503 218
8504 219
8505 219
8506 233
8507 233
8508 220
8509 231
8510 218
8511 219
8512 217
8513 217
8514 231
8515 218
8516 220
8517 226
8518 229
8519 230
8520 220
8521 227
8522 225
8523 233
8524 215
8525 234
8526 227
8527 228
8528 216
8529 216
8530 216
8531 231
8532 226
8533 216
8534 238
8535 228
8536 227
8537 217
8538 216
8539 227
8540 237
8541 228
8542 227
8543 231
8544 219
8545 218
8546 231
8547 234
8548 230
8549 218
8550 216
8551 235
8552 230
8553 229
8554 221
8555 232
8556 227
8557 230
8558 233
8559 226
8560 215
8561 238
8562 227
8563 231
8564 218
8565 212
8566 218
8567 218
8568 331
8569 227
8570 231
8571 217
8572 217
8573 230
8574 233
8575 218
8576 217
8577 231
8578 228
8579 217
8580 232
8581 556
8582 227
8583 231
8584 227
8585 217
8586 217
8587 232
8588 226
8589 220
8590 230
8591 232
8592 228
8593 233
8594 229
8595 234
8596 227
8597 227
8598 219
8599 225
8600 224
8601 437
8602 229
8603 353
8604 235
8605 226
8606 234
8607 231
8608 226
8609 218
8610 228
8611 217
8612 215
8613 216
8614 237
8615 217
8616 237
8617 229
8618 225
8619 226
8620 230
8621 231
8622 231
8623 233
8624 229
8625 218
8626 225
8627 227
8628 219
8629 218
8630 237
8631 226
8632 236
8633 217
8634 218
8635 218
8636 231
8637 227
8638 227
8639 233
8640 228
8641 228
8642 225
8643 228
8644 235
8645 215
8646 233
8647 217
8648 235
8649 231
8650 228
8651 235
8652 216
8653 227
8654 236
8655 218
8656 236
8657 229
8658 217
8659 218
8660 217
8661 217
8662 219
8663 216
8664 235
8665 218
8666 233
8667 217
8668 236
8669 218
8670 229
8671 236
8672 218
8673 232
8674 227
8675 234
8676 224
8677 232
8678 218
8679 225
8680 221
8681 237
8682 228
8683 216
8684 234
8685 217
8686 229
8687 226
8688 235
8689 225
8690 233
8691 335
8692 228
8693 219
8694 236
8695 218
8696 226
8697 226
8698 238
8699 234
8700 233
8701 231
8702 236
8703 178
8704 228
8705 227
8706 218
8707 228
8708 230
8709 225
8710 226
8711 227
8712 228
8713 226
8714 217
8715 231
8716 233
8717 224
8718 231
8719 216
8720 231
8721 227
8722 218
8723 218
8724 365
8725 235
8726 215
8727 219
8728 211
8729 231
8730 238
8731 226
8732 218
8733 232
8734 219
8735 226
8736 348
8737 390
8738 231
8739 218
8740 228
8741 230
8742 233
8743 227
8744 226
8745 213
8746 231
8747 225
8748 232
8749 226
8750 233
8751 233
8752 229
8753 219
8754 218
8755 217
8756 219
8757 343
8758 283
8759 363
8760 227
8761 232
8762 232
8763 225
8764 218
8765 234
8766 227
8767 225
8768 227
8769 218
8770 227
8771 226
8772 230
8773 232
8774 236
8775 232
8776 229
8777 232
8778 225
8779 227
8780 233
8781 215
8782 227
8783 217
8784 234
8785 224
8786 226
8787 216
8788 218
8789 237
8790 217
8791 234
8792 228
8793 224
8794 230
8795 226
8796 226
8797 230
8798 218
8799 230
8800 229
8801 230
8802 231
8803 229
8804 220
8805 220
8806 230
8807 228
8808 215
8809 219
8810 218
8811 230
8812 227
8813 232
8814 216
8815 217
8816 218
8817 218
8818 217
8819 225
8820 233
8821 218
8822 220
8823 217
8824 220
8825 218
8826 222
8827 218
8828 220
8829 232
8830 228
8831 231
8832 229
8833 219
8834 218
8835 234
8836 229
8837 219
8838 214
8839 225
8840 231
8841 229
8842 217
8843 214
8844 218
8845 220
8846 217
8847 222
8848 229
8849 223
8850 218
8851 229
8852 218
8853 225
8854 219
8855 227
8856 219
8857 220
8858 232
8859 221
8860 218
8861 216
8862 217
8863 229
8864 220
8865 231
8866 218
8867 219
8868 218
8869 219
8870 218
8871 220
8872 218
8873 226
8874 231
8875 229
8876 218
8877 230
8878 229
8879 220
8880 215
8881 407
8882 219
8883 230
8884 221
8885 229
8886 232
8887 219
8888 220
8889 220
8890 219
8891 232
8892 231
8893 292
8894 426
8895 220
8896 230
8897 225
8898 217
8899 218
8900 233
8901 231
8902 234
8903 229
8904 231
8905 219
8906 218
8907 222
8908 218
8909 217
8910 205
8911 231
8912 217
8913 217
8914 218
8915 331
8916 233
8917 341
8918 218
8919 221
8920 230
8921 224
8922 218
8923 230
8924 232
8925 217
8926 217
8927 221
8928 222
8929 220
8930 220
8931 220
8932 230
8933 231
8934 139
8935 229
8936 182
8937 234
8938 216
8939 221
8940 217
8941 232
8942 217
8943 220
8944 213
8945 217
8946 229
8947 228
8948 217
8949 221
8950 221
8951 232
8952 219
8953 233
8954 216
8955 220
8956 221
8957 218
8958 217
8959 328
8960 229
8961 221
8962 232
8963 229
8964 218
8965 223
8966 218
8967 231
8968 230
8969 218
8970 235
8971 217
8972 229
8973 233
8974 152
8975 220
8976 228
8977 221
8978 220
8979 233
8980 219
8981 234
8982 229
8983 215
8984 219
8985 229
8986 216
8987 231
8988 233
8989 229
8990 219
8991 218
8992 230
8993 220
8994 233
8995 218
8996 218
8997 217
8998 217
8999 219
9000 231
9001 219
9002 214
9003 229
9004 219
9005 217
9006 221
9007 232
9008 219
9009 221
9010 215
9011 224
9012 231
9013 220
9014 226
9015 230
9016 229
9017 220
9018 230
9019 230
9020 218
9021 217
9022 230
9023 218
9024 225
9025 220
9026 216
9027 228
9028 231
9029 220
9030 219
9031 218
9032 233
9033 219
9034 216
9035 229
9036 229
9037 219
9038 220
9039 356
9040 218
9041 232
9042 216
9043 219
9044 221
9045 218
9046 231
9047 229
9048 231
9049 232
9050 224
9051 219
9052 549
9053 220
9054 216
9055 221
9056 233
9057 219
9058 219
9059 229
9060 219
9061 219
9062 217
9063 220
9064 217
9065 217
9066 231
9067 229
9068 217
9069 219
9070 220
9071 232
9072 231
9073 433
9074 220
9075 413
9076 219
9077 219
9078 217
9079 219
9080 232
9081 229
9082 218
9083 215
9084 218
9085 148
9086 220
9087 218
9088 216
9089 218
9090 219
9091 229
9092 229
9093 217
9094 233
9095 219
9096 231
9097 219
9098 218
9099 218
9100 218
9101 229
9102 229
9103 219
9104 217
9105 236
9106 216
9107 220
9108 219
9109 229
9110 231
9111 227
9112 233
9113 218
9114 218
9115 218
9116 233
9117 217
9118 217
9119 231
9120 233
9121 220
9122 221
9123 230
9124 217
9125 219
9126 217
9127 213
9128 218
9129 233
9130 218
9131 216
9132 216
9133 216
9134 223
9135 218
9136 217
9137 218
9138 230
9139 217
9140 219
9141 229
9142 219
9143 219
9144 216
9145 232
9146 232
9147 231
9148 219
9149 228
9150 232
9151 229
9152 222
9153 222
9154 221
9155 218
9156 217
9157 232
9158 218
9159 217
9160 231
9161 219
9162 217
9163 228
9164 232
9165 230
9166 220
9167 220
9168 221
9169 220
9170 230
9171 235
9172 221
9173 233
9174 230
9175 233
9176 233
9177 188
9178 218
9179 216
9180 228
9181 218
9182 216
9183 219
9184 232
9185 218
9186 231
9187 218
9188 218
9189 230
9190 217
9191 229
9192 221
9193 218
9194 228
9195 229
9196 220
9197 222
9198 333
9199 232
9200 220
9201 223
9202 221
9203 220
9204 218
9205 231
9206 219
9207 216
9208 228
9209 221
9210 217
9211 339
9212 258
9213 217
9214 219
9215 233
9216 228
9217 217
9218 219
9219 233
9220 229
9221 217
9222 230
9223 231
9224 220
9225 218
9226 230
9227 183
9228 221
9229 229
9230 217
9231 221
9232 427
9233 221
9234 418
9235 234
9236 220
9237 218
9238 220
9239 234
9240 231
9241 220
9242 218
9243 229
9244 229
9245 228
9246 216
9247 230
9248 231
9249 232
9250 230
9251 231
9252 217
9253 217
9254 228
9255 216
9256 217
9257 231
9258 222
9259 220
9260 220
9261 218
9262 217
9263 216
9264 223
9265 219
9266 229
9267 221
9268 219
9269 228
9270 219
9271 218
9272 218
9273 219
9274 218
9275 218
9276 219
9277 219
9278 220
9279 219
9280 217
9281 233
9282 230
9283 218
9284 217
9285 218
9286 231
9287 232
9288 228
9289 222
9290 218
9291 224
9292 218
9293 230
9294 221
9295 231
9296 221
9297 233
9298 231
9299 229
9300 218
9301 217
9302 217
9303 217
9304 218
9305 223
9306 222
9307 221
9308 212
9309 223
9310 220
9311 233
9312 217
9313 232
9314 216
9315 228
9316 216
9317 228
9318 229
9319 218
9320 222
9321 219
9322 217
9323 222
9324 220
9325 219
9326 217
9327 231
9328 230
9329 232
9330 218
9331 219
9332 219
9333 225
9334 230
9335 233
9336 218
9337 230
9338 231
9339 215
9340 228
9341 218
9342 230
9343 231
9344 230
9345 234
9346 217
9347 218
9348 220
9349 229
9350 230
9351 230
9352 220
9353 220
9354 218
9355 218
9356 218
9357 334
9358 221
9359 220
9360 215
9361 231
9362 230
9363 220
9364 219
9365 214
9366 232
9367 214
9368 219
9369 231
9370 335
9371 266
9372 218
9373 232
9374 221
9375 218
9376 218
9377 217
9378 219
9379 229
9380 218
9381 218
9382 230
9383 232
9384 220
9385 232
9386 218
9387 233
9388 218
9389 228
9390 220
9391 436
9392 218
9393 406
9394 233
9395 219
9396 229
9397 217
9398 232
9399 221
9400 221
9401 234
9402 217
9403 218
9404 220
9405 232
9406 219
9407 220
9408 227
9409 228
9410 229
9411 230
9412 192
9413 219
9414 219
9415 219
9416 216
9417 217
9418 219
9419 232
9420 230
9421 221
9422 218
9423 218
9424 228
9425 219
9426 215
9427 218
9428 220
9429 219
9430 231
9431 232
9432 232
9433 221
9434 229
9435 230
9436 218
9437 221
9438 220
9439 227
9440 218
9441 219
9442 219
9443 231
9444 219
9445 230
9446 230
9447 232
9448 229
9449 232
9450 219
9451 228
9452 227
9453 230
9454 233
9455 225
9456 216
9457 216
9458 223
9459 217
9460 216
9461 217
9462 221
9463 220
9464 229
9465 218
9466 219
9467 221
9468 220
9469 217
9470 220
9471 218
9472 218
9473 219
9474 219
9475 228
9476 231
9477 228
9478 228
9479 231
9480 230
9481 222
9482 218
9483 216
9484 227
9485 232
9486 220
9487 217
9488 222
9489 228
9490 220
9491 220
9492 218
9493 218
9494 216
9495 219
9496 219
9497 220
9498 230
9499 220
9500 218
9501 220
9502 222
9503 217
9504 228
9505 217
9506 217
9507 221
9508 226
9509 234
9510 232
9511 232
9512 218
9513 218
9514 218
9515 228
9516 218
9517 219
9518 233
9519 218
9520 223
9521 217
9522 233
9523 219
9524 220
9525 221
9526 217
9527 233
9528 220
9529 287
9530 379
9531 224
9532 229
9533 216
9534 218
9535 231
9536 218
9537 217
9538 219
9539 232
9540 220
9541 221
9542 231
9543 219
9544 218
9545 229
9546 243
9547 230
9548 218
9549 220
9550 229
9551 412
9552 233
9553 413
9554 220
9555 226
9556 219
9557 230
9558 224
9559 232
9560 230
9561 218
9562 222
9563 217
9564 230
9565 219
9566 222
9567 219
9568 217
9569 222
9570 229
9571 218
9572 217
9573 218
9574 232
9575 229
9576 228
9577 219
9578 232
9579 219
9580 220
9581 230
9582 231
9583 214
9584 221
9585 219
9586 218
9587 218
9588 217
9589 228
9590 218
9591 222
9592 222
9593 219
9594 216
9595 214
9596 213
9597 221
9598 225
9599 227
9600 216
9601 220
9602 222
9603 231
9604 221
9605 222
9606 230
9607 231
9608 217
9609 220
9610 231
9611 219
9612 217
9613 232
9614 221
9615 219
9616 228
9617 217
9618 219
9619 219
9620 217
9621 218
9622 218
9623 221
9624 220
9625 232
9626 218
9627 230
9628 218
9629 232
9630 218
9631 229
9632 218
9633 218
9634 215
9635 220
9636 229
9637 218
9638 228
9639 216
9640 219
9641 222
9642 232
9643 223
9644 216
9645 229
9646 233
9647 216
9648 230
9649 233
9650 234
9651 229
9652 233
9653 228
9654 222
9655 218
9656 216
9657 232
9658 222
9659 217
9660 230
9661 229
9662 220
9663 217
9664 219
9665 218
9666 218
9667 227
9668 229
9669 229
9670 230
9671 219
9672 231
9673 215
9674 220
9675 217
9676 330
9677 221
9678 221
9679 235
9680 216
9681 231
9682 215
9683 218
9684 231
9685 223
9686 230
9687 222
9688 289
9689 430
9690 217
9691 219
9692 224
9693 219
9694 219
9695 230
9696 219
9697 219
9698 229
9699 229
9700 232
9701 231
9702 221
9703 232
9704 235
9705 229
9706 230
9707 219
9708 219
9709 597
9710 230
9711 412
9712 221
9713 231
9714 290
9715 232
9716 232
9717 221
9718 221
9719 230
9720 219
9721 228
9722 218
9723 217
9724 217
9725 231
9726 218
9727 233
9728 217
9729 220
9730 231
9731 216
9732 218
9733 219
9734 217
9735 367
9736 391
9737 380
9738 232
9739 391
9740 220
9741 230
9742 219
9743 218
9744 219
9745 229
9746 216
9747 217
9748 229
9749 217
9750 218
9751 231
9752 217
9753 218
9754 231
9755 218
9756 218
9757 232
9758 221
9759 215
9760 217
9761 231
9762 221
9763 218
9764 223
9765 220
9766 218
9767 223
9768 229
9769 223
9770 232
9771 229
9772 218
9773 219
9774 217
9775 219
9776 232
9777 216
9778 221
9779 231
9780 232
9781 219
9782 218
9783 221
9784 216
9785 232
9786 218
9787 221
9788 219
9789 228
9790 229
9791 228
9792 218
9793 229
9794 229
9795 220
9796 228
9797 217
9798 216
9799 217
9800 218
9801 234
9802 222
9803 217
9804 217
9805 218
9806 220
9807 220
9808 220
9809 230
9810 220
9811 220
9812 218
9813 221
9814 217
9815 232
9816 218
9817 219
9818 219
9819 232
9820 222
9821 220
9822 220
9823 233
9824 220
9825 217
9826 232
9827 221
9828 219
9829 294
9830 398
9831 232
9832 215
9833 218
9834 219
9835 230
9836 230
9837 219
9838 218
9839 231
9840 209
9841 231
9842 219
9843 220
9844 426
9845 278
9846 214
9847 221
9848 217
9849 212
9850 218
9851 217
9852 236
9853 201
9854 217
9855 233
9856 223
9857 219
9858 220
9859 219
9860 230
9861 229
9862 218
9863 218
9864 229
9865 406
9866 232
9867 411
9868 229
9869 217
9870 232
9871 232
9872 220
9873 218
9874 220
9875 218
9876 230
9877 233
9878 203
9879 231
9880 220
9881 232
9882 231
9883 229
9884 230
9885 233
9886 221
9887 220
9888 217
9889 183
9890 230
9891 230
9892 219
9893 233
9894 229
9895 230
9896 221
9897 230
9898 219
9899 218
9900 217
9901 217
9902 229
9903 222
9904 217
9905 219
9906 218
9907 217
9908 229
9909 230
9910 221
9911 217
9912 220
9913 218
9914 222
9915 216
9916 218
9917 232
9918 219
9919 217
9920 217
9921 216
9922 232
9923 217
9924 219
9925 220
9926 229
9927 219
9928 229
9929 231
9930 201
9931 220
9932 231
9933 218
9934 218
9935 219
9936 217
9937 232
9938 220
9939 221
9940 228
9941 216
9942 223
9943 224
9944 229
9945 218
9946 230
9947 232
9948 221
9949 232
9950 218
9951 216
9952 227
9953 231
9954 214
9955 217
9956 222
9957 220
9958 219
9959 219
9960 220
9961 228
9962 232
9963 234
9964 219
9965 221
9966 218
9967 220
9968 218
9969 217
9970 221
9971 231
9972 219
9973 229
9974 231
9975 218
9976 220
9977 221
9978 216
9979 217
9980 216
9981 219
9982 219
9983 220
9984 219
9985 219
9986 229
9987 230
9988 369
9989 219
9990 218
9991 216
9992 229
9993 216
9994 213
9995 212
9996 230
9997 232
9998 218
9999 229
