i t
0 212
1 214
2 238
3 213
4 214
5 234
6 237
7 256
8 213
9 216
10 235
11 213
12 452
13 216
14 213
15 215
16 215
17 214
18 213
19 214
20 215
21 236
22 215
23 240
24 229
25 235
26 398
27 216
28 235
29 211
30 214
31 216
32 235
33 212
34 212
35 234
36 236
37 210
38 212
39 212
40 238
41 213
42 232
43 213
44 214
45 238
46 213
47 237
48 212
49 235
50 213
51 213
52 212
53 234
54 233
55 212
56 235
57 213
58 213
59 236
60 212
61 213
62 236
63 214
64 214
65 213
66 215
67 216
68 214
69 234
70 215
71 215
72 213
73 215
74 236
75 213
76 215
77 210
78 235
79 216
80 228
81 217
82 216
83 237
84 216
85 237
86 213
87 234
88 214
89 213
90 232
91 214
92 241
93 217
94 214
95 215
96 216
97 216
98 233
99 224
100 213
101 214
102 144
103 214
104 233
105 233
106 212
107 216
108 213
109 212
110 214
111 211
112 213
113 212
114 214
115 234
116 234
117 212
118 212
119 213
120 235
121 235
122 235
123 212
124 212
125 232
126 212
127 235
128 213
129 235
130 216
131 213
132 211
133 211
134 212
135 213
136 215
137 212
138 213
139 212
140 236
141 213
142 236
143 212
144 237
145 214
146 212
147 232
148 235
149 212
150 212
151 213
152 214
153 219
154 239
155 213
156 219
157 240
158 216
159 237
160 218
161 214
162 219
163 216
164 215
165 213
166 203
167 214
168 235
169 235
170 212
171 216
172 237
173 212
174 212
175 213
176 214
177 235
178 236
179 213
180 233
181 237
182 235
183 233
184 213
185 214
186 235
187 212
188 237
189 215
190 241
191 217
192 230
193 211
194 235
195 238
196 232
197 235
198 234
199 211
200 235
201 215
202 216
203 234
204 215
205 214
206 235
207 217
208 233
209 222
210 219
211 215
212 214
213 216
214 232
215 234
216 214
217 213
218 232
219 214
220 214
221 238
222 213
223 229
224 235
225 234
226 213
227 213
228 213
229 233
230 211
231 233
232 211
233 210
234 235
235 212
236 211
237 213
238 234
239 213
240 233
241 240
242 210
243 212
244 210
245 232
246 238
247 215
248 233
249 213
250 213
251 212
252 212
253 214
254 233
255 213
256 232
257 503
258 492
259 234
260 212
261 233
262 231
263 232
264 214
265 231
266 334
267 282
268 405
269 234
270 214
271 233
272 534
273 234
274 236
275 234
276 231
277 283
278 235
279 213
280 233
281 222
282 215
283 213
284 211
285 213
286 213
287 235
288 238
289 212
290 234
291 233
292 214
293 214
294 213
295 214
296 213
297 211
298 210
299 215
300 237
301 210
302 235
303 212
304 212
305 234
306 232
307 213
308 214
309 214
310 235
311 215
312 204
313 236
314 214
315 232
316 233
317 216
318 210
319 234
320 213
321 211
322 233
323 213
324 437
325 214
326 214
327 214
328 233
329 217
330 236
331 219
332 216
333 218
334 236
335 219
336 238
337 217
338 472
339 237
340 212
341 211
342 214
343 238
344 214
345 215
346 213
347 215
348 214
349 237
350 215
351 234
352 232
353 232
354 234
355 213
356 235
357 213
358 235
359 212
360 215
361 216
362 237
363 213
364 237
365 237
366 214
367 237
368 232
369 212
370 214
371 237
372 235
373 238
374 212
375 237
376 243
377 213
378 214
379 212
380 234
381 215
382 215
383 213
384 234
385 237
386 238
387 213
388 237
389 214
390 215
391 236
392 214
393 233
394 213
395 212
396 217
397 235
398 212
399 211
400 234
401 214
402 213
403 235
404 211
405 211
406 212
407 234
408 211
409 214
410 212
411 211
412 233
413 211
414 211
415 235
416 234
417 215
418 210
419 235
420 235
421 235
422 215
423 212
424 237
425 212
426 235
427 240
428 213
429 235
430 235
431 235
432 215
433 214
434 214
435 214
436 217
437 214
438 235
439 216
440 214
441 241
442 217
443 238
444 214
445 234
446 218
447 241
448 239
449 239
450 216
451 213
452 234
453 223
454 212
455 233
456 213
457 214
458 234
459 234
460 214
461 233
462 215
463 236
464 235
465 212
466 214
467 211
468 212
469 237
470 235
471 211
472 214
473 220
474 213
475 213
476 211
477 211
478 212
479 213
480 212
481 234
482 214
483 235
484 213
485 212
486 234
487 236
488 215
489 356
490 205
491 236
492 211
493 214
494 211
495 236
496 218
497 570
498 238
499 211
500 235
501 239
502 237
503 235
504 237
505 216
506 217
507 236
508 210
509 215
510 238
511 214
512 238
513 215
514 215
515 216
516 237
517 212
518 216
519 215
520 217
521 212
522 214
523 213
524 213
525 214
526 213
527 213
528 211
529 213
530 212
531 233
532 234
533 211
534 236
535 211
536 213
537 235
538 214
539 212
540 236
541 235
542 236
543 234
544 214
545 232
546 236
547 215
548 238
549 241
550 214
551 237
552 233
553 214
554 212
555 234
556 210
557 217
558 231
559 231
560 214
561 239
562 235
563 233
564 213
565 213
566 216
567 241
568 238
569 358
570 235
571 213
572 235
573 211
574 236
575 233
576 219
577 214
578 212
579 314
580 261
581 214
582 212
583 211
584 216
585 238
586 233
587 213
588 211
589 211
590 213
591 216
592 215
593 232
594 215
595 420
596 214
597 213
598 212
599 213
600 215
601 215
602 235
603 237
604 238
605 233
606 217
607 215
608 214
609 239
610 237
611 236
612 212
613 236
614 215
615 215
616 221
617 214
618 212
619 213
620 210
621 234
622 234
623 237
624 212
625 213
626 237
627 416
628 476
629 211
630 235
631 233
632 211
633 235
634 211
635 234
636 212
637 233
638 507
639 233
640 232
641 216
642 235
643 211
644 213
645 233
646 232
647 213
648 229
649 235
650 212
651 216
652 212
653 212
654 213
655 214
656 236
657 353
658 480
659 234
660 236
661 236
662 235
663 235
664 233
665 214
666 233
667 215
668 214
669 213
670 215
671 233
672 214
673 212
674 235
675 215
676 234
677 233
678 233
679 214
680 214
681 372
682 214
683 216
684 215
685 239
686 216
687 236
688 237
689 216
690 217
691 234
692 233
693 216
694 215
695 213
696 213
697 177
698 234
699 196
700 213
701 213
702 218
703 215
704 209
705 216
706 237
707 215
708 212
709 218
710 233
711 336
712 272
713 207
714 230
715 208
716 228
717 228
718 212
719 230
720 209
721 207
722 230
723 209
724 211
725 208
726 207
727 208
728 226
729 229
730 229
731 208
732 227
733 208
734 228
735 207
736 227
737 229
738 230
739 229
740 228
741 229
742 206
743 205
744 206
745 230
746 229
747 229
748 205
749 210
750 232
751 209
752 205
753 213
754 225
755 208
756 230
757 233
758 230
759 207
760 229
761 206
762 230
763 229
764 227
765 208
766 230
767 228
768 228
769 209
770 210
771 207
772 212
773 206
774 207
775 230
776 201
777 231
778 207
779 229
780 208
781 210
782 231
783 209
784 231
785 231
786 226
787 228
788 158
789 209
790 229
791 227
792 207
793 207
794 206
795 210
796 229
797 403
798 492
799 227
800 207
801 207
802 229
803 230
804 237
805 233
806 208
807 208
808 210
809 208
810 228
811 209
812 210
813 299
814 438
815 387
816 229
817 205
818 206
819 207
820 229
821 226
822 208
823 227
824 228
825 209
826 207
827 210
828 229
829 228
830 207
831 313
832 394
833 231
834 232
835 227
836 228
837 227
838 207
839 228
840 209
841 209
842 230
843 230
844 230
845 229
846 229
847 210
848 208
849 228
850 228
851 208
852 226
853 228
854 206
855 230
856 208
857 207
858 207
859 204
860 228
861 229
862 231
863 229
864 228
865 210
866 207
867 207
868 227
869 208
870 211
871 207
872 228
873 229
874 209
875 209
876 208
877 229
878 207
879 229
880 228
881 208
882 228
883 229
884 232
885 229
886 209
887 229
888 228
889 208
890 210
891 208
892 207
893 231
894 231
895 227
896 231
897 207
898 208
899 233
900 208
901 227
902 228
903 193
904 208
905 209
906 209
907 209
908 206
909 228
910 228
911 227
912 232
913 208
914 230
915 207
916 207
917 209
918 209
919 210
920 210
921 207
922 230
923 208
924 210
925 207
926 208
927 209
928 227
929 210
930 205
931 229
932 209
933 207
934 228
935 206
936 230
937 208
938 211
939 230
940 228
941 207
942 227
943 208
944 229
945 228
946 229
947 234
948 208
949 231
950 210
951 209
952 209
953 206
954 234
955 209
956 231
957 355
958 228
959 228
960 229
961 208
962 207
963 228
964 231
965 208
966 228
967 209
968 210
969 208
970 208
971 443
972 502
973 252
974 229
975 229
976 230
977 206
978 230
979 209
980 207
981 208
982 230
983 318
984 203
985 229
986 230
987 348
988 229
989 406
990 205
991 231
992 209
993 234
994 209
995 230
996 497
997 229
998 173
999 215
1000 227
1001 208
1002 207
1003 208
1004 228
1005 208
1006 208
1007 229
1008 206
1009 206
1010 208
1011 207
1012 228
1013 230
1014 229
1015 210
1016 229
1017 228
1018 209
1019 229
1020 208
1021 206
1022 228
1023 208
1024 209
1025 193
1026 209
1027 208
1028 206
1029 210
1030 208
1031 232
1032 209
1033 208
1034 207
1035 401
1036 316
1037 231
1038 227
1039 233
1040 207
1041 203
1042 227
1043 211
1044 208
1045 209
1046 231
1047 229
1048 206
1049 232
1050 210
1051 208
1052 232
1053 210
1054 226
1055 228
1056 228
1057 227
1058 208
1059 208
1060 228
1061 207
1062 207
1063 209
1064 208
1065 208
1066 230
1067 228
1068 205
1069 211
1070 209
1071 223
1072 209
1073 231
1074 208
1075 213
1076 206
1077 210
1078 229
1079 228
1080 209
1081 205
1082 210
1083 229
1084 209
1085 230
1086 230
1087 206
1088 228
1089 227
1090 232
1091 211
1092 206
1093 228
1094 208
1095 230
1096 227
1097 227
1098 229
1099 231
1100 191
1101 206
1102 227
1103 209
1104 210
1105 208
1106 207
1107 210
1108 228
1109 206
1110 209
1111 229
1112 207
1113 227
1114 209
1115 333
1116 358
1117 207
1118 210
1119 349
1120 443
1121 767
1122 284
1123 206
1124 228
1125 208
1126 209
1127 230
1128 206
1129 380
1130 294
1131 275
1132 229
1133 228
1134 227
1135 208
1136 222
1137 229
1138 208
1139 209
1140 211
1141 211
1142 210
1143 320
1144 233
1145 227
1146 368
1147 229
1148 412
1149 228
1150 230
1151 230
1152 209
1153 228
1154 228
1155 229
1156 208
1157 210
1158 210
1159 230
1160 212
1161 228
1162 209
1163 208
1164 230
1165 207
1166 229
1167 207
1168 206
1169 207
1170 210
1171 206
1172 208
1173 209
1174 230
1175 190
1176 206
1177 206
1178 207
1179 211
1180 228
1181 231
1182 231
1183 208
1184 231
1185 207
1186 230
1187 228
1188 228
1189 206
1190 230
1191 206
1192 227
1193 206
1194 208
1195 208
1196 210
1197 228
1198 210
1199 207
1200 208
1201 207
1202 211
1203 229
1204 229
1205 209
1206 227
1207 206
1208 229
1209 208
1210 227
1211 207
1212 207
1213 229
1214 229
1215 211
1216 229
1217 209
1218 231
1219 209
1220 230
1221 207
1222 208
1223 209
1224 207
1225 226
1226 230
1227 229
1228 212
1229 233
1230 208
1231 312
1232 212
1233 209
1234 210
1235 206
1236 209
1237 209
1238 211
1239 348
1240 246
1241 206
1242 231
1243 299
1244 313
1245 212
1246 209
1247 209
1248 229
1249 296
1250 208
1251 230
1252 228
1253 209
1254 210
1255 331
1256 387
1257 420
1258 207
1259 210
1260 208
1261 207
1262 211
1263 210
1264 343
1265 557
1266 664
1267 679
1268 505
1269 702
1270 377
1271 635
1272 545
1273 364
1274 208
1275 314
1276 298
1277 437
1278 532
1279 303
1280 518
1281 584
1282 693
1283 408
1284 211
1285 209
1286 230
1287 227
1288 209
1289 206
1290 209
1291 206
1292 419
1293 226
1294 230
1295 231
1296 209
1297 528
1298 209
1299 408
1300 230
1301 231
1302 229
1303 211
1304 208
1305 228
1306 210
1307 211
1308 206
1309 229
1310 208
1311 210
1312 206
1313 206
1314 205
1315 210
1316 229
1317 210
1318 208
1319 210
1320 229
1321 209
1322 208
1323 301
1324 228
1325 208
1326 209
1327 231
1328 383
1329 316
1330 351
1331 208
1332 336
1333 370
1334 312
1335 206
1336 332
1337 313
1338 314
1339 208
1340 205
1341 209
1342 453
1343 244
1344 210
1345 209
1346 279
1347 247
1348 206
1349 229
1350 210
1351 207
1352 207
1353 227
1354 229
1355 209
1356 206
1357 208
1358 231
1359 230
1360 206
1361 209
1362 206
1363 210
1364 208
1365 208
1366 227
1367 231
1368 210
1369 208
1370 209
1371 207
1372 211
1373 211
1374 207
1375 207
1376 229
1377 208
1378 230
1379 206
1380 207
1381 209
1382 228
1383 207
1384 208
1385 210
1386 205
1387 232
1388 209
1389 207
1390 228
1391 208
1392 231
1393 231
1394 228
1395 229
1396 209
1397 228
1398 226
1399 206
1400 374
1401 356
1402 209
1403 228
1404 421
1405 349
1406 249
1407 227
1408 209
1409 241
1410 208
1411 208
1412 228
1413 208
1414 400
1415 344
1416 529
1417 374
1418 207
1419 209
1420 209
1421 206
1422 232
1423 208
1424 227
1425 207
1426 208
1427 210
1428 227
1429 227
1430 208
1431 231
1432 231
1433 228
1434 301
1435 328
1436 257
1437 208
1438 208
1439 207
1440 227
1441 210
1442 209
1443 210
1444 229
1445 210
1446 211
1447 232
1448 227
1449 230
1450 207
1451 208
1452 210
1453 208
1454 207
1455 207
1456 208
1457 228
1458 207
1459 208
1460 228
1461 229
1462 207
1463 230
1464 211
1465 211
1466 210
1467 207
1468 209
1469 230
1470 231
1471 208
1472 229
1473 207
1474 208
1475 277
1476 209
1477 209
1478 229
1479 230
1480 208
1481 206
1482 206
1483 209
1484 229
1485 230
1486 213
1487 209
1488 209
1489 228
1490 233
1491 208
1492 240
1493 209
1494 206
1495 228
1496 209
1497 207
1498 231
1499 232
1500 302
1501 207
1502 191
1503 490
1504 265
1505 209
1506 207
1507 209
1508 207
1509 229
1510 231
1511 206
1512 207
1513 285
1514 231
1515 232
1516 208
1517 207
1518 229
1519 228
1520 208
1521 209
1522 208
1523 208
1524 209
1525 234
1526 208
1527 209
1528 231
1529 210
1530 210
1531 207
1532 228
1533 212
1534 209
1535 228
1536 227
1537 201
1538 210
1539 230
1540 231
1541 230
1542 229
1543 208
1544 209
1545 207
1546 208
1547 207
1548 205
1549 209
1550 229
1551 211
1552 230
1553 206
1554 209
1555 206
1556 315
1557 262
1558 209
1559 231
1560 401
1561 370
1562 210
1563 208
1564 229
1565 209
1566 212
1567 207
1568 207
1569 206
1570 208
1571 208
1572 287
1573 386
1574 397
1575 229
1576 228
1577 229
1578 208
1579 210
1580 209
1581 209
1582 208
1583 209
1584 230
1585 227
1586 210
1587 229
1588 207
1589 229
1590 207
1591 209
1592 209
1593 390
1594 208
1595 404
1596 226
1597 229
1598 210
1599 205
1600 206
1601 230
1602 210
1603 230
1604 230
1605 227
1606 207
1607 228
1608 207
1609 207
1610 209
1611 211
1612 209
1613 228
1614 228
1615 208
1616 208
1617 207
1618 205
1619 207
1620 214
1621 206
1622 230
1623 207
1624 209
1625 228
1626 209
1627 230
1628 233
1629 208
1630 208
1631 230
1632 245
1633 212
1634 213
1635 215
1636 210
1637 237
1638 210
1639 233
1640 212
1641 233
1642 212
1643 358
1644 330
1645 214
1646 212
1647 214
1648 211
1649 234
1650 212
1651 213
1652 232
1653 233
1654 212
1655 236
1656 213
1657 235
1658 212
1659 214
1660 213
1661 234
1662 214
1663 214
1664 213
1665 213
1666 233
1667 212
1668 214
1669 234
1670 213
1671 212
1672 240
1673 213
1674 215
1675 212
1676 213
1677 214
1678 215
1679 211
1680 210
1681 212
1682 233
1683 236
1684 214
1685 213
1686 212
1687 210
1688 235
1689 231
1690 233
1691 236
1692 215
1693 212
1694 213
1695 210
1696 212
1697 211
1698 214
1699 236
1700 236
1701 212
1702 239
1703 212
1704 212
1705 233
1706 234
1707 211
1708 234
1709 233
1710 215
1711 214
1712 236
1713 237
1714 236
1715 235
1716 236
1717 237
1718 210
1719 212
1720 404
1721 213
1722 180
1723 215
1724 237
1725 214
1726 212
1727 233
1728 234
1729 210
1730 232
1731 216
1732 233
1733 212
1734 233
1735 232
1736 232
1737 234
1738 236
1739 211
1740 233
1741 212
1742 214
1743 210
1744 213
1745 213
1746 209
1747 214
1748 212
1749 212
1750 211
1751 409
1752 233
1753 410
1754 236
1755 214
1756 235
1757 213
1758 213
1759 212
1760 233
1761 234
1762 213
1763 210
1764 215
1765 215
1766 232
1767 211
1768 234
1769 233
1770 231
1771 210
1772 232
1773 212
1774 236
1775 234
1776 211
1777 216
1778 234
1779 211
1780 235
1781 214
1782 211
1783 214
1784 212
1785 212
1786 212
1787 235
1788 195
1789 212
1790 213
1791 211
1792 213
1793 234
1794 211
1795 234
1796 214
1797 233
1798 214
1799 212
1800 235
1801 213
1802 213
1803 213
1804 215
1805 234
1806 213
1807 212
1808 212
1809 211
1810 212
1811 216
1812 211
1813 238
1814 233
1815 198
1816 234
1817 213
1818 214
1819 233
1820 232
1821 240
1822 211
1823 175
1824 215
1825 214
1826 235
1827 211
1828 211
1829 214
1830 213
1831 214
1832 209
1833 236
1834 214
1835 215
1836 234
1837 209
1838 213
1839 211
1840 214
1841 233
1842 233
1843 213
1844 234
1845 234
1846 233
1847 236
1848 216
1849 237
1850 211
1851 235
1852 211
1853 234
1854 214
1855 234
1856 213
1857 235
1858 212
1859 209
1860 231
1861 235
1862 214
1863 214
1864 212
1865 237
1866 234
1867 231
1868 212
1869 214
1870 235
1871 236
1872 212
1873 213
1874 233
1875 213
1876 214
1877 225
1878 212
1879 233
1880 214
1881 238
1882 236
1883 234
1884 205
1885 215
1886 213
1887 212
1888 196
1889 213
1890 210
1891 217
1892 343
1893 234
1894 214
1895 213
1896 212
1897 232
1898 215
1899 215
1900 233
1901 212
1902 232
1903 233
1904 234
1905 213
1906 211
1907 235
1908 211
1909 210
1910 215
1911 217
1912 436
1913 235
1914 426
1915 212
1916 215
1917 213
1918 212
1919 212
1920 234
1921 211
1922 213
1923 215
1924 213
1925 214
1926 236
1927 213
1928 211
1929 211
1930 234
1931 213
1932 233
1933 235
1934 236
1935 211
1936 233
1937 214
1938 233
1939 232
1940 213
1941 214
1942 237
1943 213
1944 210
1945 213
1946 235
1947 210
1948 211
1949 215
1950 213
1951 215
1952 233
1953 235
1954 211
1955 232
1956 212
1957 215
1958 215
1959 212
1960 214
1961 214
1962 234
1963 211
1964 236
1965 235
1966 213
1967 213
1968 234
1969 234
1970 215
1971 232
1972 234
1973 213
1974 233
1975 212
1976 234
1977 212
1978 213
1979 213
1980 209
1981 212
1982 214
1983 212
1984 214
1985 213
1986 215
1987 210
1988 371
1989 213
1990 235
1991 213
1992 215
1993 234
1994 215
1995 233
1996 237
1997 235
1998 212
1999 210
2000 236
2001 214
2002 217
2003 213
2004 235
2005 213
2006 232
2007 240
2008 233
2009 236
2010 235
2011 235
2012 215
2013 235
2014 237
2015 234
2016 212
2017 233
2018 213
2019 213
2020 215
2021 237
2022 213
2023 233
2024 214
2025 212
2026 213
2027 213
2028 214
2029 212
2030 234
2031 233
2032 215
2033 232
2034 234
2035 216
2036 314
2037 440
2038 202
2039 211
2040 212
2041 214
2042 210
2043 234
2044 233
2045 211
2046 212
2047 234
2048 210
2049 234
2050 234
2051 213
2052 236
2053 235
2054 235
2055 197
2056 233
2057 233
2058 233
2059 234
2060 214
2061 233
2062 211
2063 233
2064 213
2065 213
2066 234
2067 213
2068 211
2069 214
2070 210
2071 412
2072 236
2073 299
2074 336
2075 213
2076 212
2077 234
2078 212
2079 215
2080 212
2081 213
2082 215
2083 213
2084 215
2085 211
2086 214
2087 211
2088 213
2089 213
2090 213
2091 214
2092 232
2093 214
2094 235
2095 234
2096 212
2097 234
2098 235
2099 213
2100 212
2101 213
2102 220
2103 238
2104 212
2105 234
2106 214
2107 214
2108 212
2109 215
2110 214
2111 234
2112 232
2113 214
2114 211
2115 212
2116 235
2117 214
2118 213
2119 234
2120 208
2121 213
2122 211
2123 210
2124 234
2125 233
2126 210
2127 234
2128 235
2129 233
2130 215
2131 206
2132 232
2133 215
2134 211
2135 234
2136 234
2137 211
2138 233
2139 212
2140 211
2141 238
2142 235
2143 233
2144 236
2145 235
2146 232
2147 238
2148 235
2149 237
2150 214
2151 234
2152 235
2153 214
2154 236
2155 217
2156 235
2157 235
2158 213
2159 234
2160 234
2161 234
2162 212
2163 215
2164 233
2165 235
2166 232
2167 212
2168 216
2169 214
2170 214
2171 234
2172 211
2173 237
2174 215
2175 214
2176 214
2177 214
2178 233
2179 236
2180 212
2181 212
2182 235
2183 209
2184 213
2185 211
2186 212
2187 213
2188 212
2189 236
2190 234
2191 212
2192 213
2193 235
2194 233
2195 211
2196 206
2197 612
2198 212
2199 214
2200 235
2201 216
2202 235
2203 234
2204 213
2205 218
2206 233
2207 214
2208 211
2209 208
2210 513
2211 213
2212 237
2213 215
2214 209
2215 210
2216 211
2217 234
2218 215
2219 234
2220 213
2221 213
2222 214
2223 233
2224 215
2225 212
2226 213
2227 212
2228 232
2229 234
2230 432
2231 215
2232 405
2233 215
2234 234
2235 210
2236 216
2237 234
2238 233
2239 212
2240 233
2241 237
2242 215
2243 211
2244 233
2245 234
2246 234
2247 211
2248 209
2249 236
2250 234
2251 232
2252 214
2253 215
2254 213
2255 212
2256 227
2257 211
2258 233
2259 212
2260 233
2261 234
2262 212
2263 213
2264 235
2265 214
2266 235
2267 214
2268 196
2269 212
2270 211
2271 231
2272 214
2273 235
2274 211
2275 235
2276 216
2277 210
2278 237
2279 212
2280 212
2281 212
2282 236
2283 231
2284 211
2285 212
2286 215
2287 233
2288 211
2289 176
2290 216
2291 210
2292 218
2293 214
2294 211
2295 214
2296 215
2297 232
2298 236
2299 234
2300 234
2301 239
2302 213
2303 234
2304 233
2305 216
2306 238
2307 211
2308 233
2309 213
2310 234
2311 236
2312 234
2313 215
2314 213
2315 232
2316 233
2317 215
2318 233
2319 211
2320 210
2321 212
2322 234
2323 234
2324 238
2325 212
2326 234
2327 217
2328 214
2329 225
2330 212
2331 213
2332 212
2333 233
2334 232
2335 234
2336 235
2337 212
2338 213
2339 212
2340 234
2341 214
2342 212
2343 211
2344 213
2345 213
2346 232
2347 234
2348 233
2349 213
2350 234
2351 211
2352 212
2353 212
2354 232
2355 213
2356 234
2357 232
2358 213
2359 211
2360 213
2361 214
2362 234
2363 234
2364 210
2365 235
2366 212
2367 213
2368 236
2369 213
2370 213
2371 212
2372 231
2373 234
2374 236
2375 234
2376 213
2377 212
2378 232
2379 162
2380 233
2381 235
2382 212
2383 210
2384 215
2385 233
2386 234
2387 215
2388 234
2389 232
2390 236
2391 411
2392 233
2393 404
2394 212
2395 211
2396 213
2397 215
2398 214
2399 213
2400 236
2401 238
2402 235
2403 213
2404 235
2405 234
2406 210
2407 211
2408 235
2409 216
2410 213
2411 212
2412 214
2413 215
2414 214
2415 232
2416 211
2417 213
2418 212
2419 213
2420 213
2421 210
2422 210
2423 234
2424 214
2425 211
2426 213
2427 212
2428 212
2429 214
2430 211
2431 213
2432 214
2433 214
2434 209
2435 238
2436 216
2437 212
2438 214
2439 210
2440 232
2441 233
2442 210
2443 210
2444 233
2445 211
2446 231
2447 235
2448 235
2449 213
2450 214
2451 213
2452 214
2453 211
2454 214
2455 213
2456 237
2457 214
2458 233
2459 233
2460 235
2461 235
2462 234
2463 235
2464 236
2465 236
2466 235
2467 216
2468 211
2469 213
2470 214
2471 216
2472 215
2473 211
2474 232
2475 211
2476 233
2477 211
2478 213
2479 213
2480 232
2481 213
2482 212
2483 233
2484 233
2485 236
2486 235
2487 213
2488 236
2489 215
2490 236
2491 232
2492 212
2493 214
2494 211
2495 216
2496 235
2497 215
2498 235
2499 212
2500 237
2501 213
2502 212
2503 214
2504 212
2505 238
2506 210
2507 233
2508 212
2509 212
2510 234
2511 232
2512 233
2513 213
2514 212
2515 211
2516 235
2517 214
2518 152
2519 233
2520 213
2521 212
2522 236
2523 213
2524 237
2525 232
2526 212
2527 211
2528 211
2529 213
2530 235
2531 235
2532 412
2533 233
2534 215
2535 211
2536 216
2537 231
2538 214
2539 234
2540 235
2541 215
2542 234
2543 212
2544 236
2545 234
2546 214
2547 211
2548 235
2549 212
2550 236
2551 212
2552 434
2553 213
2554 321
2555 280
2556 211
2557 233
2558 212
2559 234
2560 234
2561 212
2562 212
2563 213
2564 233
2565 213
2566 211
2567 212
2568 234
2569 232
2570 235
2571 211
2572 214
2573 213
2574 213
2575 236
2576 215
2577 213
2578 213
2579 235
2580 234
2581 212
2582 232
2583 209
2584 215
2585 232
2586 231
2587 233
2588 231
2589 213
2590 237
2591 215
2592 212
2593 215
2594 213
2595 245
2596 206
2597 231
2598 211
2599 207
2600 209
2601 229
2602 208
2603 209
2604 207
2605 228
2606 210
2607 210
2608 210
2609 229
2610 209
2611 207
2612 210
2613 211
2614 207
2615 228
2616 209
2617 210
2618 231
2619 230
2620 231
2621 208
2622 209
2623 231
2624 230
2625 207
2626 228
2627 228
2628 208
2629 209
2630 208
2631 207
2632 207
2633 229
2634 209
2635 230
2636 230
2637 208
2638 207
2639 229
2640 228
2641 209
2642 228
2643 229
2644 227
2645 228
2646 230
2647 232
2648 230
2649 229
2650 230
2651 209
2652 207
2653 206
2654 231
2655 207
2656 228
2657 210
2658 231
2659 208
2660 207
2661 227
2662 206
2663 232
2664 229
2665 208
2666 206
2667 207
2668 205
2669 208
2670 209
2671 230
2672 212
2673 211
2674 230
2675 210
2676 231
2677 207
2678 210
2679 331
2680 298
2681 226
2682 206
2683 449
2684 209
2685 209
2686 228
2687 208
2688 235
2689 208
2690 210
2691 211
2692 207
2693 592
2694 207
2695 207
2696 209
2697 208
2698 228
2699 228
2700 209
2701 230
2702 227
2703 205
2704 228
2705 208
2706 205
2707 208
2708 228
2709 229
2710 209
2711 210
2712 227
2713 206
2714 330
2715 227
2716 358
2717 228
2718 230
2719 227
2720 207
2721 207
2722 228
2723 206
2724 208
2725 207
2726 207
2727 207
2728 208
2729 230
2730 209
2731 210
2732 208
2733 206
2734 231
2735 208
2736 227
2737 207
2738 209
2739 174
2740 208
2741 210
2742 229
2743 211
2744 207
2745 208
2746 230
2747 207
2748 228
2749 225
2750 207
2751 229
2752 230
2753 208
2754 229
2755 232
2756 211
2757 171
2758 207
2759 230
2760 227
2761 206
2762 209
2763 207
2764 208
2765 229
2766 228
2767 208
2768 231
2769 228
2770 228
2771 231
2772 207
2773 210
2774 209
2775 206
2776 209
2777 234
2778 231
2779 229
2780 208
2781 228
2782 209
2783 206
2784 207
2785 213
2786 228
2787 207
2788 229
2789 208
2790 211
2791 231
2792 230
2793 243
2794 207
2795 207
2796 228
2797 208
2798 208
2799 208
2800 209
2801 229
2802 207
2803 210
2804 210
2805 208
2806 208
2807 229
2808 207
2809 208
2810 208
2811 228
2812 207
2813 211
2814 230
2815 208
2816 229
2817 208
2818 229
2819 193
2820 210
2821 206
2822 230
2823 228
2824 207
2825 229
2826 206
2827 229
2828 208
2829 228
2830 229
2831 230
2832 228
2833 204
2834 210
2835 227
2836 208
2837 210
2838 228
2839 205
2840 209
2841 261
2842 276
2843 208
2844 229
2845 209
2846 208
2847 208
2848 209
2849 210
2850 209
2851 208
2852 207
2853 208
2854 211
2855 352
2856 536
2857 228
2858 211
2859 207
2860 227
2861 204
2862 231
2863 226
2864 209
2865 208
2866 231
2867 209
2868 206
2869 209
2870 228
2871 228
2872 212
2873 232
2874 207
2875 289
2876 288
2877 206
2878 424
2879 230
2880 207
2881 209
2882 208
2883 206
2884 229
2885 231
2886 228
2887 206
2888 207
2889 229
2890 205
2891 230
2892 229
2893 231
2894 207
2895 229
2896 210
2897 207
2898 208
2899 208
2900 208
2901 210
2902 207
2903 208
2904 207
2905 230
2906 206
2907 208
2908 210
2909 206
2910 210
2911 205
2912 212
2913 209
2914 207
2915 210
2916 207
2917 229
2918 207
2919 206
2920 229
2921 207
2922 206
2923 209
2924 229
2925 228
2926 206
2927 229
2928 208
2929 232
2930 209
2931 228
2932 208
2933 207
2934 209
2935 210
2936 210
2937 207
2938 209
2939 204
2940 210
2941 229
2942 207
2943 208
2944 211
2945 208
2946 209
2947 207
2948 228
2949 208
2950 209
2951 226
2952 229
2953 207
2954 227
2955 206
2956 226
2957 230
2958 202
2959 208
2960 227
2961 231
2962 229
2963 208
2964 229
2965 230
2966 229
2967 207
2968 208
2969 231
2970 205
2971 210
2972 208
2973 230
2974 211
2975 209
2976 207
2977 208
2978 212
2979 209
2980 209
2981 206
2982 209
2983 208
2984 206
2985 208
2986 230
2987 207
2988 207
2989 207
2990 210
2991 207
2992 207
2993 205
2994 209
2995 232
2996 210
2997 208
2998 207
2999 228
3000 230
3001 208
3002 229
3003 208
3004 206
3005 354
3006 211
3007 231
3008 230
3009 207
3010 209
3011 230
3012 210
3013 208
3014 229
3015 208
3016 208
3017 207
3018 232
3019 430
3020 210
3021 231
3022 228
3023 228
3024 206
3025 208
3026 207
3027 208
3028 226
3029 231
3030 230
3031 205
3032 228
3033 229
3034 230
3035 210
3036 209
3037 208
3038 210
3039 228
3040 314
3041 210
3042 395
3043 193
3044 229
3045 230
3046 229
3047 211
3048 230
3049 229
3050 209
3051 212
3052 232
3053 231
3054 208
3055 209
3056 229
3057 209
3058 209
3059 230
3060 209
3061 209
3062 206
3063 205
3064 228
3065 206
3066 208
3067 207
3068 207
3069 230
3070 206
3071 231
3072 209
3073 208
3074 209
3075 230
3076 207
3077 213
3078 208
3079 211
3080 209
3081 208
3082 208
3083 209
3084 210
3085 229
3086 198
3087 210
3088 232
3089 230
3090 208
3091 208
3092 207
3093 210
3094 205
3095 208
3096 231
3097 228
3098 207
3099 229
3100 206
3101 210
3102 230
3103 228
3104 232
3105 204
3106 206
3107 208
3108 206
3109 208
3110 208
3111 229
3112 208
3113 208
3114 207
3115 208
3116 209
3117 212
3118 230
3119 207
3120 208
3121 229
3122 230
3123 209
3124 206
3125 226
3126 210
3127 209
3128 207
3129 210
3130 229
3131 208
3132 210
3133 207
3134 230
3135 230
3136 232
3137 209
3138 206
3139 228
3140 211
3141 229
3142 229
3143 208
3144 207
3145 208
3146 229
3147 210
3148 229
3149 206
3150 228
3151 207
3152 233
3153 211
3154 229
3155 229
3156 209
3157 208
3158 210
3159 208
3160 229
3161 206
3162 209
3163 206
3164 208
3165 230
3166 206
3167 200
3168 231
3169 210
3170 264
3171 207
3172 209
3173 231
3174 228
3175 209
3176 207
3177 230
3178 227
3179 207
3180 232
3181 207
3182 230
3183 326
3184 388
3185 228
3186 228
3187 207
3188 206
3189 209
3190 227
3191 228
3192 209
3193 209
3194 206
3195 226
3196 325
3197 206
3198 208
3199 227
3200 208
3201 209
3202 208
3203 229
3204 430
3205 206
3206 395
3207 229
3208 207
3209 210
3210 228
3211 208
3212 227
3213 230
3214 227
3215 210
3216 230
3217 230
3218 209
3219 229
3220 208
3221 210
3222 229
3223 226
3224 210
3225 207
3226 207
3227 206
3228 209
3229 232
3230 230
3231 231
3232 232
3233 209
3234 231
3235 229
3236 228
3237 210
3238 228
3239 231
3240 208
3241 230
3242 209
3243 228
3244 208
3245 231
3246 209
3247 210
3248 232
3249 207
3250 228
3251 228
3252 231
3253 212
3254 225
3255 228
3256 212
3257 230
3258 209
3259 207
3260 210
3261 210
3262 211
3263 208
3264 229
3265 208
3266 230
3267 208
3268 229
3269 228
3270 226
3271 207
3272 209
3273 232
3274 206
3275 208
3276 232
3277 208
3278 207
3279 207
3280 208
3281 210
3282 229
3283 210
3284 206
3285 229
3286 227
3287 227
3288 208
3289 210
3290 228
3291 209
3292 229
3293 228
3294 210
3295 229
3296 208
3297 210
3298 209
3299 229
3300 207
3301 209
3302 232
3303 227
3304 229
3305 206
3306 208
3307 229
3308 208
3309 210
3310 229
3311 227
3312 230
3313 208
3314 209
3315 210
3316 207
3317 210
3318 209
3319 208
3320 206
3321 228
3322 209
3323 228
3324 207
3325 207
3326 207
3327 207
3328 228
3329 209
3330 208
3331 447
3332 277
3333 207
3334 225
3335 454
3336 413
3337 228
3338 208
3339 229
3340 231
3341 208
3342 468
3343 532
3344 505
3345 491
3346 380
3347 229
3348 401
3349 440
3350 229
3351 212
3352 206
3353 210
3354 410
3355 191
3356 209
3357 207
3358 230
3359 232
3360 228
3361 209
3362 211
3363 233
3364 416
3365 210
3366 206
3367 428
3368 213
3369 211
3370 230
3371 205
3372 230
3373 207
3374 209
3375 209
3376 206
3377 207
3378 210
3379 205
3380 209
3381 229
3382 208
3383 207
3384 231
3385 233
3386 207
3387 208
3388 207
3389 230
3390 363
3391 206
3392 208
3393 208
3394 207
3395 208
3396 206
3397 229
3398 208
3399 210
3400 207
3401 228
3402 229
3403 207
3404 227
3405 231
3406 229
3407 231
3408 212
3409 207
3410 229
3411 210
3412 228
3413 229
3414 209
3415 206
3416 207
3417 207
3418 210
3419 207
3420 210
3421 231
3422 205
3423 208
3424 210
3425 208
3426 229
3427 209
3428 206
3429 208
3430 207
3431 229
3432 208
3433 210
3434 208
3435 208
3436 229
3437 207
3438 213
3439 230
3440 209
3441 208
3442 211
3443 211
3444 229
3445 230
3446 210
3447 229
3448 230
3449 230
3450 207
3451 208
3452 229
3453 207
3454 209
3455 207
3456 208
3457 208
3458 207
3459 222
3460 206
3461 206
3462 209
3463 207
3464 206
3465 208
3466 228
3467 229
3468 228
3469 210
3470 208
3471 208
3472 226
3473 228
3474 205
3475 208
3476 208
3477 209
3478 230
3479 207
3480 210
3481 230
3482 226
3483 207
3484 208
3485 342
3486 206
3487 208
3488 231
3489 208
3490 206
3491 230
3492 208
3493 227
3494 198
3495 209
3496 206
3497 209
3498 209
3499 341
3500 461
3501 343
3502 330
3503 229
3504 233
3505 209
3506 192
3507 207
3508 230
3509 230
3510 206
3511 309
3512 229
3513 229
3514 232
3515 228
3516 234
3517 211
3518 207
3519 457
3520 254
3521 239
3522 382
3523 210
3524 230
3525 228
3526 210
3527 211
3528 206
3529 208
3530 228
3531 208
3532 209
3533 206
3534 207
3535 230
3536 224
3537 208
3538 206
3539 230
3540 229
3541 229
3542 208
3543 206
3544 228
3545 209
3546 209
3547 227
3548 207
3549 230
3550 206
3551 208
3552 207
3553 208
3554 208
3555 210
3556 213
3557 205
3558 207
3559 229
3560 267
3561 232
3562 212
3563 214
3564 214
3565 236
3566 212
3567 213
3568 238
3569 234
3570 214
3571 213
3572 237
3573 233
3574 211
3575 448
3576 215
3577 217
3578 212
3579 215
3580 308
3581 234
3582 214
3583 232
3584 211
3585 215
3586 212
3587 518
3588 213
3589 212
3590 212
3591 217
3592 217
3593 471
3594 270
3595 238
3596 237
3597 234
3598 233
3599 235
3600 232
3601 213
3602 212
3603 236
3604 214
3605 232
3606 213
3607 234
3608 213
3609 214
3610 212
3611 213
3612 214
3613 213
3614 213
3615 211
3616 234
3617 214
3618 213
3619 238
3620 216
3621 234
3622 213
3623 215
3624 214
3625 212
3626 212
3627 233
3628 212
3629 215
3630 236
3631 162
3632 213
3633 232
3634 240
3635 234
3636 238
3637 212
3638 214
3639 213
3640 213
3641 211
3642 235
3643 234
3644 213
3645 214
3646 234
3647 234
3648 232
3649 212
3650 232
3651 215
3652 215
3653 175
3654 213
3655 232
3656 233
3657 210
3658 292
3659 565
3660 381
3661 211
3662 214
3663 235
3664 236
3665 214
3666 217
3667 212
3668 251
3669 217
3670 214
3671 213
3672 213
3673 231
3674 198
3675 210
3676 208
3677 353
3678 232
3679 236
3680 217
3681 428
3682 214
3683 347
3684 211
3685 232
3686 213
3687 212
3688 235
3689 233
3690 215
3691 211
3692 211
3693 212
3694 212
3695 235
3696 211
3697 211
3698 214
3699 234
3700 232
3701 215
3702 235
3703 215
3704 233
3705 214
3706 215
3707 236
3708 215
3709 234
3710 238
3711 216
3712 211
3713 213
3714 215
3715 231
3716 234
3717 235
3718 234
3719 234
3720 235
3721 213
3722 212
3723 232
3724 212
3725 235
3726 213
3727 212
3728 234
3729 215
3730 212
3731 213
3732 213
3733 228
3734 214
3735 215
3736 214
3737 233
3738 213
3739 212
3740 235
3741 226
3742 206
3743 217
3744 233
3745 233
3746 215
3747 234
3748 213
3749 236
3750 233
3751 212
3752 213
3753 235
3754 215
3755 233
3756 214
3757 236
3758 213
3759 212
3760 233
3761 235
3762 213
3763 211
3764 219
3765 212
3766 214
3767 211
3768 212
3769 236
3770 235
3771 211
3772 217
3773 233
3774 236
3775 213
3776 215
3777 235
3778 213
3779 213
3780 213
3781 214
3782 213
3783 213
3784 211
3785 234
3786 210
3787 213
3788 232
3789 235
3790 212
3791 210
3792 237
3793 214
3794 212
3795 233
3796 213
3797 211
3798 214
3799 212
3800 213
3801 216
3802 233
3803 212
3804 211
3805 211
3806 234
3807 213
3808 211
3809 233
3810 212
3811 213
3812 248
3813 213
3814 210
3815 233
3816 213
3817 233
3818 232
3819 236
3820 233
3821 377
3822 214
3823 346
3824 236
3825 212
3826 214
3827 213
3828 213
3829 213
3830 231
3831 233
3832 214
3833 232
3834 214
3835 215
3836 216
3837 213
3838 215
3839 212
3840 231
3841 233
3842 213
3843 237
3844 234
3845 235
3846 213
3847 212
3848 232
3849 211
3850 213
3851 216
3852 212
3853 234
3854 212
3855 214
3856 197
3857 213
3858 231
3859 235
3860 215
3861 220
3862 213
3863 212
3864 212
3865 235
3866 233
3867 216
3868 212
3869 214
3870 212
3871 215
3872 232
3873 239
3874 212
3875 213
3876 212
3877 232
3878 236
3879 234
3880 211
3881 215
3882 236
3883 213
3884 212
3885 214
3886 234
3887 212
3888 233
3889 236
3890 212
3891 234
3892 215
3893 214
3894 211
3895 212
3896 234
3897 214
3898 214
3899 214
3900 217
3901 236
3902 235
3903 236
3904 235
3905 218
3906 237
3907 215
3908 235
3909 212
3910 212
3911 211
3912 211
3913 235
3914 236
3915 214
3916 214
3917 214
3918 211
3919 213
3920 237
3921 214
3922 213
3923 234
3924 213
3925 212
3926 235
3927 211
3928 235
3929 235
3930 211
3931 213
3932 213
3933 239
3934 214
3935 236
3936 235
3937 233
3938 234
3939 212
3940 213
3941 214
3942 213
3943 213
3944 213
3945 237
3946 215
3947 214
3948 234
3949 236
3950 233
3951 235
3952 235
3953 211
3954 234
3955 216
3956 212
3957 236
3958 396
3959 232
3960 235
3961 212
3962 236
3963 209
3964 216
3965 235
3966 234
3967 214
3968 214
3969 233
3970 240
3971 203
3972 233
3973 235
3974 214
3975 373
3976 213
3977 213
3978 234
3979 234
3980 213
3981 239
3982 235
3983 239
3984 222
3985 220
3986 239
3987 233
3988 236
3989 237
3990 234
3991 214
3992 213
3993 215
3994 212
3995 214
3996 211
3997 215
3998 213
3999 235
4000 216
4001 213
4002 212
4003 235
4004 213
4005 215
4006 233
4007 213
4008 234
4009 211
4010 234
4011 213
4012 212
4013 232
4014 212
4015 215
4016 232
4017 234
4018 215
4019 233
4020 235
4021 234
4022 235
4023 213
4024 236
4025 213
4026 212
4027 233
4028 216
4029 215
4030 213
4031 232
4032 212
4033 235
4034 232
4035 234
4036 214
4037 217
4038 234
4039 235
4040 234
4041 213
4042 237
4043 215
4044 215
4045 216
4046 213
4047 213
4048 235
4049 213
4050 235
4051 234
4052 217
4053 215
4054 245
4055 215
4056 237
4057 211
4058 215
4059 215
4060 235
4061 240
4062 237
4063 236
4064 215
4065 228
4066 225
4067 212
4068 234
4069 144
4070 235
4071 210
4072 214
4073 216
4074 233
4075 236
4076 211
4077 214
4078 213
4079 233
4080 213
4081 212
4082 212
4083 213
4084 214
4085 213
4086 214
4087 212
4088 240
4089 234
4090 219
4091 214
4092 237
4093 231
4094 237
4095 214
4096 238
4097 218
4098 219
4099 238
4100 214
4101 214
4102 237
4103 235
4104 214
4105 233
4106 211
4107 233
4108 215
4109 233
4110 234
4111 212
4112 216
4113 234
4114 238
4115 211
4116 212
4117 213
4118 236
4119 213
4120 235
4121 213
4122 219
4123 215
4124 235
4125 218
4126 211
4127 212
4128 233
4129 235
4130 215
4131 212
4132 210
4133 420
4134 211
4135 413
4136 233
4137 214
4138 212
4139 237
4140 235
4141 234
4142 214
4143 233
4144 233
4145 212
4146 212
4147 212
4148 212
4149 245
4150 236
4151 214
4152 227
4153 216
4154 290
4155 235
4156 214
4157 212
4158 234
4159 216
4160 235
4161 341
4162 216
4163 212
4164 234
4165 233
4166 208
4167 213
4168 212
4169 238
4170 235
4171 233
4172 236
4173 421
4174 210
4175 212
4176 213
4177 213
4178 213
4179 213
4180 235
4181 212
4182 234
4183 212
4184 213
4185 210
4186 239
4187 212
4188 214
4189 214
4190 213
4191 236
4192 211
4193 211
4194 210
4195 215
4196 213
4197 213
4198 236
4199 213
4200 234
4201 234
4202 235
4203 210
4204 235
4205 234
4206 234
4207 234
4208 214
4209 214
4210 212
4211 212
4212 233
4213 233
4214 234
4215 214
4216 214
4217 234
4218 236
4219 237
4220 232
4221 232
4222 233
4223 216
4224 234
4225 213
4226 213
4227 212
4228 233
4229 210
4230 234
4231 211
4232 236
4233 213
4234 234
4235 235
4236 210
4237 212
4238 213
4239 213
4240 234
4241 212
4242 232
4243 212
4244 241
4245 236
4246 232
4247 215
4248 235
4249 214
4250 213
4251 234
4252 213
4253 213
4254 209
4255 236
4256 214
4257 211
4258 213
4259 214
4260 213
4261 214
4262 213
4263 233
4264 214
4265 212
4266 214
4267 215
4268 216
4269 236
4270 213
4271 211
4272 213
4273 213
4274 236
4275 211
4276 213
4277 405
4278 209
4279 214
4280 212
4281 233
4282 235
4283 233
4284 212
4285 233
4286 234
4287 213
4288 213
4289 211
4290 375
4291 334
4292 211
4293 216
4294 211
4295 234
4296 235
4297 213
4298 196
4299 234
4300 214
4301 234
4302 236
4303 235
4304 212
4305 196
4306 212
4307 212
4308 235
4309 235
4310 411
4311 214
4312 213
4313 213
4314 213
4315 234
4316 213
4317 233
4318 215
4319 216
4320 214
4321 212
4322 215
4323 224
4324 235
4325 223
4326 239
4327 239
4328 219
4329 362
4330 235
4331 213
4332 214
4333 213
4334 236
4335 234
4336 215
4337 206
4338 211
4339 213
4340 235
4341 217
4342 212
4343 233
4344 214
4345 211
4346 236
4347 235
4348 234
4349 217
4350 212
4351 241
4352 213
4353 235
4354 237
4355 234
4356 212
4357 212
4358 212
4359 212
4360 212
4361 212
4362 236
4363 235
4364 232
4365 211
4366 212
4367 212
4368 234
4369 232
4370 236
4371 216
4372 213
4373 214
4374 212
4375 234
4376 212
4377 233
4378 215
4379 233
4380 213
4381 212
4382 210
4383 233
4384 235
4385 233
4386 212
4387 235
4388 236
4389 214
4390 212
4391 237
4392 235
4393 230
4394 213
4395 213
4396 233
4397 211
4398 215
4399 213
4400 233
4401 238
4402 233
4403 215
4404 238
4405 213
4406 215
4407 234
4408 213
4409 234
4410 211
4411 214
4412 215
4413 233
4414 232
4415 233
4416 212
4417 210
4418 234
4419 212
4420 237
4421 215
4422 213
4423 234
4424 213
4425 212
4426 235
4427 216
4428 237
4429 211
4430 214
4431 234
4432 234
4433 210
4434 317
4435 238
4436 237
4437 197
4438 215
4439 214
4440 212
4441 212
4442 213
4443 162
4444 415
4445 426
4446 240
4447 212
4448 236
4449 214
4450 233
4451 233
4452 288
4453 213
4454 235
4455 217
4456 234
4457 232
4458 212
4459 211
4460 216
4461 211
4462 213
4463 214
4464 213
4465 212
4466 212
4467 211
4468 215
4469 237
4470 217
4471 233
4472 212
4473 436
4474 235
4475 429
4476 232
4477 236
4478 233
4479 217
4480 234
4481 234
4482 212
4483 236
4484 212
4485 211
4486 213
4487 212
4488 214
4489 234
4490 213
4491 212
4492 211
4493 215
4494 212
4495 234
4496 235
4497 235
4498 235
4499 226
4500 211
4501 217
4502 213
4503 211
4504 212
4505 212
4506 245
4507 234
4508 235
4509 212
4510 245
4511 230
4512 227
4513 230
4514 230
4515 206
4516 226
4517 229
4518 207
4519 207
4520 210
4521 228
4522 209
4523 230
4524 232
4525 230
4526 230
4527 207
4528 231
4529 208
4530 228
4531 211
4532 209
4533 227
4534 209
4535 207
4536 207
4537 210
4538 230
4539 211
4540 212
4541 228
4542 211
4543 309
4544 395
4545 232
4546 209
4547 209
4548 228
4549 209
4550 208
4551 208
4552 206
4553 229
4554 228
4555 228
4556 208
4557 208
4558 459
4559 222
4560 227
4561 228
4562 488
4563 282
4564 209
4565 207
4566 231
4567 206
4568 205
4569 208
4570 204
4571 600
4572 206
4573 231
4574 229
4575 207
4576 306
4577 502
4578 345
4579 207
4580 208
4581 207
4582 202
4583 229
4584 208
4585 210
4586 214
4587 209
4588 208
4589 280
4590 208
4591 207
4592 209
4593 205
4594 211
4595 208
4596 208
4597 229
4598 230
4599 229
4600 207
4601 206
4602 210
4603 207
4604 374
4605 384
4606 231
4607 429
4608 275
4609 400
4610 231
4611 207
4612 211
4613 226
4614 212
4615 231
4616 228
4617 302
4618 227
4619 207
4620 230
4621 548
4622 228
4623 213
4624 212
4625 207
4626 204
4627 434
4628 211
4629 596
4630 231
4631 229
4632 209
4633 209
4634 228
4635 230
4636 207
4637 227
4638 228
4639 644
4640 313
4641 208
4642 206
4643 206
4644 231
4645 208
4646 210
4647 207
4648 207
4649 207
4650 210
4651 227
4652 211
4653 228
4654 207
4655 208
4656 210
4657 228
4658 230
4659 520
4660 231
4661 209
4662 229
4663 207
4664 208
4665 210
4666 209
4667 208
4668 210
4669 208
4670 230
4671 208
4672 206
4673 208
4674 230
4675 206
4676 207
4677 207
4678 207
4679 208
4680 208
4681 232
4682 210
4683 206
4684 231
4685 210
4686 229
4687 208
4688 230
4689 207
4690 209
4691 210
4692 232
4693 210
4694 228
4695 211
4696 230
4697 229
4698 208
4699 231
4700 210
4701 207
4702 208
4703 210
4704 211
4705 192
4706 229
4707 208
4708 207
4709 209
4710 209
4711 211
4712 227
4713 210
4714 231
4715 208
4716 206
4717 208
4718 229
4719 228
4720 207
4721 228
4722 357
4723 208
4724 209
4725 233
4726 207
4727 211
4728 230
4729 159
4730 227
4731 207
4732 228
4733 210
4734 229
4735 227
4736 207
4737 208
4738 229
4739 230
4740 207
4741 326
4742 360
4743 206
4744 208
4745 228
4746 229
4747 207
4748 208
4749 209
4750 210
4751 208
4752 227
4753 212
4754 206
4755 207
4756 459
4757 206
4758 230
4759 298
4760 463
4761 341
4762 229
4763 208
4764 207
4765 211
4766 228
4767 208
4768 229
4769 230
4770 208
4771 229
4772 226
4773 207
4774 227
4775 230
4776 232
4777 208
4778 210
4779 230
4780 212
4781 209
4782 229
4783 229
4784 207
4785 432
4786 210
4787 414
4788 229
4789 209
4790 192
4791 209
4792 226
4793 227
4794 230
4795 225
4796 212
4797 210
4798 207
4799 208
4800 207
4801 228
4802 229
4803 210
4804 159
4805 209
4806 206
4807 206
4808 230
4809 228
4810 209
4811 232
4812 206
4813 230
4814 227
4815 205
4816 205
4817 208
4818 208
4819 212
4820 210
4821 210
4822 204
4823 211
4824 208
4825 208
4826 206
4827 210
4828 210
4829 210
4830 209
4831 228
4832 211
4833 210
4834 208
4835 208
4836 209
4837 205
4838 229
4839 208
4840 207
4841 208
4842 230
4843 231
4844 226
4845 226
4846 229
4847 228
4848 208
4849 230
4850 230
4851 205
4852 210
4853 212
4854 209
4855 229
4856 231
4857 229
4858 227
4859 211
4860 209
4861 206
4862 210
4863 229
4864 207
4865 208
4866 230
4867 208
4868 208
4869 207
4870 159
4871 209
4872 206
4873 207
4874 209
4875 207
4876 231
4877 192
4878 206
4879 199
4880 229
4881 207
4882 209
4883 206
4884 207
4885 209
4886 207
4887 207
4888 232
4889 211
4890 230
4891 206
4892 209
4893 208
4894 208
4895 206
4896 211
4897 212
4898 227
4899 207
4900 229
4901 205
4902 232
4903 208
4904 328
4905 212
4906 208
4907 209
4908 209
4909 228
4910 229
4911 208
4912 210
4913 207
4914 208
4915 206
4916 210
4917 229
4918 228
4919 387
4920 230
4921 356
4922 210
4923 207
4924 209
4925 229
4926 207
4927 208
4928 205
4929 231
4930 207
4931 209
4932 231
4933 209
4934 212
4935 149
4936 210
4937 208
4938 229
4939 231
4940 421
4941 380
4942 370
4943 191
4944 229
4945 206
4946 212
4947 209
4948 229
4949 226
4950 230
4951 210
4952 229
4953 208
4954 209
4955 231
4956 228
4957 205
4958 228
4959 229
4960 207
4961 227
4962 209
4963 229
4964 210
4965 230
4966 207
4967 206
4968 207
4969 226
4970 227
4971 231
4972 204
4973 229
4974 207
4975 207
4976 230
4977 230
4978 210
4979 206
4980 230
4981 229
4982 209
4983 317
4984 212
4985 207
4986 208
4987 209
4988 208
4989 208
4990 209
4991 230
4992 206
4993 229
4994 229
4995 229
4996 207
4997 213
4998 207
4999 206
5000 211
5001 208
5002 207
5003 228
5004 207
5005 210
5006 207
5007 207
5008 229
5009 209
5010 208
5011 208
5012 230
5013 228
5014 206
5015 209
5016 209
5017 233
5018 229
5019 207
5020 208
5021 207
5022 206
5023 206
5024 207
5025 207
5026 204
5027 206
5028 210
5029 209
5030 208
5031 207
5032 207
5033 210
5034 207
5035 208
5036 211
5037 209
5038 226
5039 208
5040 209
5041 208
5042 230
5043 208
5044 230
5045 206
5046 209
5047 160
5048 209
5049 207
5050 209
5051 232
5052 228
5053 209
5054 207
5055 230
5056 208
5057 231
5058 209
5059 207
5060 195
5061 211
5062 230
5063 210
5064 232
5065 209
5066 228
5067 231
5068 327
5069 230
5070 209
5071 210
5072 209
5073 209
5074 206
5075 208
5076 228
5077 211
5078 206
5079 207
5080 209
5081 230
5082 370
5083 309
5084 228
5085 207
5086 209
5087 226
5088 227
5089 230
5090 209
5091 227
5092 229
5093 227
5094 351
5095 342
5096 209
5097 230
5098 213
5099 228
5100 208
5101 231
5102 206
5103 331
5104 203
5105 428
5106 230
5107 229
5108 227
5109 231
5110 227
5111 205
5112 229
5113 232
5114 211
5115 229
5116 228
5117 229
5118 207
5119 208
5120 212
5121 206
5122 208
5123 208
5124 209
5125 206
5126 228
5127 208
5128 226
5129 229
5130 209
5131 228
5132 211
5133 207
5134 211
5135 229
5136 206
5137 208
5138 208
5139 209
5140 208
5141 226
5142 210
5143 229
5144 208
5145 208
5146 328
5147 209
5148 210
5149 206
5150 208
5151 210
5152 207
5153 207
5154 209
5155 228
5156 230
5157 230
5158 210
5159 227
5160 207
5161 228
5162 208
5163 227
5164 232
5165 208
5166 229
5167 230
5168 209
5169 229
5170 208
5171 208
5172 229
5173 207
5174 227
5175 231
5176 207
5177 229
5178 209
5179 205
5180 227
5181 210
5182 231
5183 230
5184 229
5185 208
5186 207
5187 212
5188 228
5189 228
5190 207
5191 206
5192 208
5193 229
5194 210
5195 229
5196 228
5197 229
5198 209
5199 230
5200 209
5201 254
5202 210
5203 230
5204 229
5205 230
5206 228
5207 233
5208 209
5209 229
5210 210
5211 210
5212 209
5213 232
5214 227
5215 211
5216 229
5217 203
5218 206
5219 229
5220 209
5221 228
5222 209
5223 230
5224 209
5225 207
5226 209
5227 208
5228 206
5229 231
5230 228
5231 228
5232 228
5233 206
5234 209
5235 227
5236 229
5237 210
5238 210
5239 208
5240 228
5241 230
5242 229
5243 416
5244 859
5245 476
5246 208
5247 208
5248 208
5249 208
5250 211
5251 227
5252 232
5253 207
5254 211
5255 209
5256 208
5257 207
5258 232
5259 209
5260 231
5261 231
5262 226
5263 207
5264 207
5265 430
5266 230
5267 298
5268 321
5269 206
5270 208
5271 206
5272 227
5273 209
5274 209
5275 209
5276 208
5277 230
5278 206
5279 227
5280 209
5281 228
5282 230
5283 226
5284 208
5285 227
5286 229
5287 228
5288 230
5289 209
5290 229
5291 229
5292 206
5293 228
5294 207
5295 228
5296 206
5297 208
5298 210
5299 208
5300 209
5301 229
5302 228
5303 230
5304 231
5305 206
5306 227
5307 208
5308 231
5309 207
5310 207
5311 210
5312 229
5313 207
5314 209
5315 228
5316 230
5317 230
5318 230
5319 207
5320 205
5321 207
5322 208
5323 210
5324 228
5325 209
5326 209
5327 229
5328 209
5329 207
5330 228
5331 209
5332 229
5333 208
5334 232
5335 205
5336 208
5337 206
5338 209
5339 232
5340 233
5341 209
5342 230
5343 227
5344 208
5345 210
5346 209
5347 209
5348 210
5349 209
5350 208
5351 230
5352 207
5353 208
5354 228
5355 207
5356 191
5357 231
5358 210
5359 208
5360 230
5361 211
5362 207
5363 208
5364 208
5365 208
5366 228
5367 208
5368 208
5369 207
5370 227
5371 207
5372 207
5373 206
5374 207
5375 207
5376 211
5377 208
5378 230
5379 208
5380 209
5381 208
5382 208
5383 206
5384 231
5385 209
5386 207
5387 208
5388 434
5389 209
5390 208
5391 208
5392 201
5393 228
5394 229
5395 206
5396 208
5397 208
5398 209
5399 207
5400 207
5401 209
5402 298
5403 588
5404 320
5405 209
5406 206
5407 207
5408 207
5409 228
5410 211
5411 227
5412 207
5413 207
5414 205
5415 227
5416 205
5417 208
5418 207
5419 207
5420 205
5421 209
5422 208
5423 231
5424 208
5425 213
5426 409
5427 229
5428 414
5429 211
5430 231
5431 233
5432 207
5433 207
5434 227
5435 211
5436 230
5437 228
5438 208
5439 229
5440 230
5441 209
5442 206
5443 190
5444 208
5445 207
5446 209
5447 207
5448 206
5449 227
5450 209
5451 210
5452 211
5453 228
5454 231
5455 208
5456 210
5457 227
5458 209
5459 206
5460 208
5461 229
5462 227
5463 210
5464 210
5465 212
5466 234
5467 212
5468 234
5469 211
5470 233
5471 213
5472 212
5473 212
5474 233
5475 211
5476 233
5477 213
5478 233
5479 213
5480 212
5481 210
5482 234
5483 211
5484 210
5485 215
5486 236
5487 214
5488 235
5489 212
5490 210
5491 213
5492 212
5493 214
5494 235
5495 209
5496 232
5497 212
5498 214
5499 235
5500 237
5501 235
5502 235
5503 211
5504 211
5505 215
5506 234
5507 234
5508 213
5509 233
5510 212
5511 214
5512 210
5513 213
5514 212
5515 235
5516 233
5517 218
5518 213
5519 212
5520 236
5521 213
5522 235
5523 212
5524 232
5525 214
5526 232
5527 234
5528 214
5529 213
5530 233
5531 236
5532 212
5533 240
5534 210
5535 213
5536 213
5537 237
5538 236
5539 214
5540 214
5541 215
5542 232
5543 213
5544 214
5545 232
5546 234
5547 234
5548 210
5549 212
5550 211
5551 234
5552 212
5553 213
5554 212
5555 235
5556 213
5557 215
5558 234
5559 213
5560 236
5561 210
5562 233
5563 233
5564 212
5565 212
5566 216
5567 214
5568 211
5569 212
5570 212
5571 233
5572 235
5573 234
5574 238
5575 214
5576 215
5577 213
5578 212
5579 210
5580 232
5581 213
5582 214
5583 235
5584 400
5585 232
5586 395
5587 233
5588 211
5589 235
5590 214
5591 211
5592 213
5593 211
5594 234
5595 214
5596 239
5597 215
5598 212
5599 233
5600 235
5601 233
5602 214
5603 216
5604 217
5605 234
5606 236
5607 213
5608 214
5609 213
5610 215
5611 177
5612 233
5613 215
5614 212
5615 236
5616 215
5617 215
5618 216
5619 236
5620 211
5621 237
5622 236
5623 214
5624 211
5625 235
5626 215
5627 213
5628 233
5629 212
5630 233
5631 212
5632 234
5633 233
5634 216
5635 214
5636 235
5637 233
5638 235
5639 236
5640 235
5641 214
5642 210
5643 210
5644 213
5645 212
5646 234
5647 237
5648 212
5649 212
5650 211
5651 237
5652 234
5653 213
5654 232
5655 211
5656 214
5657 237
5658 210
5659 210
5660 212
5661 210
5662 211
5663 236
5664 211
5665 232
5666 213
5667 211
5668 211
5669 231
5670 231
5671 216
5672 214
5673 211
5674 213
5675 214
5676 216
5677 234
5678 215
5679 211
5680 215
5681 212
5682 212
5683 233
5684 235
5685 214
5686 213
5687 210
5688 235
5689 215
5690 212
5691 211
5692 213
5693 212
5694 210
5695 239
5696 215
5697 236
5698 212
5699 236
5700 235
5701 211
5702 215
5703 214
5704 212
5705 236
5706 215
5707 212
5708 234
5709 235
5710 226
5711 332
5712 210
5713 216
5714 214
5715 212
5716 233
5717 211
5718 214
5719 215
5720 233
5721 211
5722 203
5723 214
5724 233
5725 213
5726 212
5727 216
5728 240
5729 214
5730 235
5731 213
5732 211
5733 213
5734 213
5735 212
5736 212
5737 234
5738 214
5739 210
5740 214
5741 212
5742 213
5743 210
5744 212
5745 212
5746 430
5747 236
5748 308
5749 292
5750 212
5751 213
5752 234
5753 236
5754 212
5755 210
5756 210
5757 250
5758 235
5759 211
5760 235
5761 216
5762 216
5763 212
5764 233
5765 212
5766 232
5767 211
5768 212
5769 233
5770 212
5771 211
5772 216
5773 212
5774 237
5775 233
5776 215
5777 215
5778 212
5779 232
5780 215
5781 212
5782 214
5783 210
5784 236
5785 211
5786 213
5787 215
5788 233
5789 238
5790 211
5791 236
5792 212
5793 211
5794 233
5795 212
5796 210
5797 212
5798 211
5799 233
5800 213
5801 213
5802 176
5803 235
5804 214
5805 211
5806 234
5807 212
5808 235
5809 234
5810 233
5811 228
5812 214
5813 212
5814 213
5815 234
5816 233
5817 213
5818 213
5819 212
5820 214
5821 216
5822 216
5823 234
5824 236
5825 219
5826 213
5827 215
5828 213
5829 215
5830 236
5831 231
5832 216
5833 216
5834 215
5835 214
5836 211
5837 210
5838 214
5839 234
5840 215
5841 235
5842 211
5843 235
5844 214
5845 231
5846 211
5847 235
5848 214
5849 233
5850 211
5851 214
5852 213
5853 213
5854 211
5855 213
5856 234
5857 212
5858 215
5859 235
5860 235
5861 216
5862 212
5863 211
5864 212
5865 213
5866 233
5867 239
5868 236
5869 236
5870 211
5871 235
5872 198
5873 212
5874 235
5875 214
5876 234
5877 236
5878 209
5879 212
5880 212
5881 210
5882 233
5883 213
5884 236
5885 212
5886 237
5887 212
5888 330
5889 239
5890 234
5891 214
5892 213
5893 212
5894 213
5895 233
5896 213
5897 236
5898 212
5899 213
5900 211
5901 234
5902 212
5903 234
5904 232
5905 213
5906 210
5907 214
5908 414
5909 237
5910 302
5911 279
5912 208
5913 212
5914 231
5915 212
5916 213
5917 213
5918 211
5919 235
5920 234
5921 237
5922 235
5923 213
5924 236
5925 235
5926 214
5927 224
5928 211
5929 233
5930 213
5931 212
5932 214
5933 212
5934 210
5935 214
5936 210
5937 213
5938 215
5939 212
5940 233
5941 235
5942 212
5943 236
5944 235
5945 234
5946 214
5947 233
5948 211
5949 235
5950 234
5951 212
5952 234
5953 214
5954 234
5955 239
5956 232
5957 212
5958 214
5959 211
5960 213
5961 211
5962 213
5963 235
5964 235
5965 211
5966 234
5967 233
5968 236
5969 236
5970 215
5971 211
5972 235
5973 234
5974 213
5975 212
5976 234
5977 233
5978 215
5979 216
5980 232
5981 235
5982 234
5983 232
5984 236
5985 215
5986 211
5987 233
5988 233
5989 211
5990 213
5991 212
5992 215
5993 211
5994 236
5995 210
5996 232
5997 234
5998 236
5999 233
6000 236
6001 216
6002 210
6003 214
6004 212
6005 210
6006 214
6007 211
6008 228
6009 211
6010 234
6011 210
6012 230
6013 217
6014 239
6015 212
6016 236
6017 213
6018 235
6019 234
6020 231
6021 213
6022 234
6023 233
6024 213
6025 211
6026 232
6027 213
6028 233
6029 211
6030 233
6031 234
6032 214
6033 216
6034 235
6035 249
6036 211
6037 214
6038 212
6039 237
6040 214
6041 235
6042 233
6043 234
6044 213
6045 213
6046 233
6047 211
6048 440
6049 213
6050 225
6051 213
6052 215
6053 214
6054 210
6055 233
6056 212
6057 232
6058 232
6059 236
6060 215
6061 212
6062 233
6063 215
6064 214
6065 213
6066 211
6067 213
6068 428
6069 212
6070 213
6071 326
6072 214
6073 234
6074 212
6075 214
6076 215
6077 212
6078 212
6079 214
6080 211
6081 213
6082 213
6083 215
6084 211
6085 213
6086 211
6087 211
6088 236
6089 234
6090 212
6091 214
6092 232
6093 213
6094 211
6095 211
6096 235
6097 212
6098 233
6099 215
6100 236
6101 210
6102 213
6103 236
6104 231
6105 214
6106 234
6107 233
6108 209
6109 210
6110 216
6111 211
6112 212
6113 213
6114 234
6115 232
6116 230
6117 214
6118 234
6119 213
6120 212
6121 214
6122 212
6123 214
6124 213
6125 213
6126 211
6127 235
6128 211
6129 236
6130 232
6131 212
6132 214
6133 235
6134 233
6135 237
6136 212
6137 213
6138 211
6139 233
6140 213
6141 212
6142 213
6143 235
6144 209
6145 216
6146 210
6147 215
6148 216
6149 210
6150 215
6151 214
6152 234
6153 232
6154 235
6155 213
6156 215
6157 235
6158 216
6159 213
6160 235
6161 212
6162 235
6163 232
6164 234
6165 233
6166 215
6167 234
6168 234
6169 234
6170 236
6171 215
6172 233
6173 211
6174 235
6175 212
6176 213
6177 232
6178 211
6179 216
6180 213
6181 235
6182 212
6183 233
6184 214
6185 213
6186 211
6187 213
6188 235
6189 213
6190 212
6191 234
6192 209
6193 212
6194 214
6195 211
6196 234
6197 229
6198 236
6199 234
6200 212
6201 232
6202 234
6203 213
6204 233
6205 211
6206 234
6207 235
6208 232
6209 501
6210 395
6211 417
6212 213
6213 233
6214 210
6215 213
6216 215
6217 197
6218 233
6219 214
6220 211
6221 212
6222 212
6223 212
6224 233
6225 213
6226 214
6227 213
6228 212
6229 414
6230 215
6231 313
6232 254
6233 216
6234 215
6235 214
6236 236
6237 214
6238 211
6239 234
6240 211
6241 232
6242 212
6243 213
6244 213
6245 234
6246 231
6247 212
6248 211
6249 233
6250 214
6251 212
6252 212
6253 234
6254 215
6255 211
6256 232
6257 233
6258 234
6259 211
6260 235
6261 233
6262 211
6263 236
6264 213
6265 216
6266 234
6267 216
6268 234
6269 235
6270 213
6271 215
6272 211
6273 217
6274 211
6275 212
6276 210
6277 232
6278 236
6279 217
6280 235
6281 214
6282 216
6283 235
6284 231
6285 233
6286 213
6287 234
6288 216
6289 209
6290 213
6291 212
6292 213
6293 237
6294 212
6295 213
6296 234
6297 233
6298 215
6299 236
6300 212
6301 210
6302 232
6303 213
6304 212
6305 232
6306 210
6307 215
6308 213
6309 212
6310 212
6311 235
6312 213
6313 212
6314 234
6315 211
6316 232
6317 212
6318 213
6319 235
6320 212
6321 210
6322 215
6323 234
6324 213
6325 211
6326 210
6327 212
6328 212
6329 235
6330 235
6331 236
6332 237
6333 235
6334 233
6335 237
6336 216
6337 232
6338 234
6339 234
6340 213
6341 211
6342 213
6343 210
6344 236
6345 213
6346 212
6347 211
6348 212
6349 212
6350 213
6351 213
6352 214
6353 226
6354 234
6355 213
6356 212
6357 212
6358 216
6359 231
6360 213
6361 214
6362 212
6363 234
6364 234
6365 234
6366 214
6367 234
6368 222
6369 380
6370 213
6371 253
6372 209
6373 214
6374 233
6375 235
6376 214
6377 215
6378 213
6379 211
6380 213
6381 212
6382 213
6383 234
6384 215
6385 214
6386 212
6387 234
6388 234
6389 372
6390 204
6391 240
6392 389
6393 212
6394 213
6395 233
6396 234
6397 213
6398 235
6399 213
6400 212
6401 234
6402 211
6403 219
6404 215
6405 214
6406 213
6407 203
6408 217
6409 215
6410 235
6411 209
6412 214
6413 211
6414 234
6415 213
6416 215
6417 235
6418 234
6419 210
6420 234
6421 236
6422 214
6423 213
6424 212
6425 215
6426 211
6427 235
6428 213
6429 213
6430 213
6431 273
6432 231
6433 319
6434 211
6435 227
6436 208
6437 230
6438 208
6439 207
6440 225
6441 213
6442 209
6443 602
6444 367
6445 228
6446 208
6447 206
6448 208
6449 210
6450 209
6451 373
6452 552
6453 230
6454 208
6455 208
6456 316
6457 247
6458 206
6459 207
6460 232
6461 232
6462 209
6463 232
6464 229
6465 231
6466 227
6467 231
6468 230
6469 206
6470 209
6471 210
6472 209
6473 209
6474 208
6475 230
6476 207
6477 206
6478 209
6479 209
6480 206
6481 209
6482 232
6483 208
6484 208
6485 231
6486 229
6487 210
6488 209
6489 229
6490 208
6491 208
6492 208
6493 228
6494 228
6495 208
6496 206
6497 211
6498 209
6499 209
6500 233
6501 228
6502 209
6503 228
6504 230
6505 213
6506 207
6507 209
6508 208
6509 232
6510 214
6511 455
6512 210
6513 210
6514 212
6515 209
6516 211
6517 212
6518 208
6519 209
6520 230
6521 230
6522 229
6523 207
6524 206
6525 407
6526 470
6527 244
6528 212
6529 232
6530 208
6531 207
6532 206
6533 209
6534 208
6535 208
6536 227
6537 230
6538 211
6539 229
6540 210
6541 209
6542 210
6543 234
6544 208
6545 215
6546 401
6547 229
6548 305
6549 254
6550 206
6551 228
6552 208
6553 227
6554 207
6555 207
6556 228
6557 228
6558 212
6559 207
6560 230
6561 208
6562 208
6563 228
6564 209
6565 227
6566 229
6567 207
6568 206
6569 229
6570 208
6571 207
6572 209
6573 228
6574 208
6575 228
6576 208
6577 208
6578 207
6579 207
6580 228
6581 208
6582 207
6583 207
6584 207
6585 231
6586 208
6587 229
6588 208
6589 206
6590 229
6591 234
6592 208
6593 232
6594 208
6595 205
6596 208
6597 228
6598 208
6599 210
6600 207
6601 205
6602 210
6603 208
6604 209
6605 206
6606 229
6607 229
6608 231
6609 207
6610 229
6611 231
6612 228
6613 208
6614 207
6615 231
6616 199
6617 229
6618 208
6619 233
6620 208
6621 206
6622 211
6623 195
6624 209
6625 208
6626 230
6627 231
6628 208
6629 230
6630 231
6631 208
6632 228
6633 209
6634 208
6635 209
6636 210
6637 228
6638 204
6639 210
6640 227
6641 209
6642 232
6643 206
6644 229
6645 229
6646 232
6647 228
6648 211
6649 210
6650 228
6651 230
6652 215
6653 208
6654 206
6655 205
6656 229
6657 207
6658 206
6659 173
6660 209
6661 209
6662 315
6663 230
6664 206
6665 229
6666 206
6667 229
6668 210
6669 206
6670 209
6671 211
6672 230
6673 535
6674 664
6675 207
6676 229
6677 208
6678 227
6679 212
6680 209
6681 211
6682 228
6683 208
6684 231
6685 414
6686 505
6687 346
6688 210
6689 211
6690 209
6691 211
6692 206
6693 208
6694 205
6695 228
6696 230
6697 207
6698 473
6699 208
6700 209
6701 229
6702 208
6703 212
6704 230
6705 226
6706 406
6707 229
6708 395
6709 206
6710 212
6711 230
6712 230
6713 207
6714 228
6715 205
6716 226
6717 208
6718 230
6719 210
6720 207
6721 208
6722 207
6723 228
6724 206
6725 207
6726 230
6727 207
6728 208
6729 209
6730 207
6731 160
6732 230
6733 207
6734 229
6735 208
6736 199
6737 229
6738 207
6739 208
6740 208
6741 232
6742 226
6743 207
6744 231
6745 233
6746 204
6747 227
6748 210
6749 210
6750 212
6751 212
6752 208
6753 209
6754 227
6755 205
6756 212
6757 210
6758 228
6759 228
6760 206
6761 228
6762 227
6763 207
6764 231
6765 212
6766 229
6767 230
6768 229
6769 227
6770 231
6771 229
6772 208
6773 229
6774 210
6775 208
6776 208
6777 205
6778 209
6779 229
6780 206
6781 232
6782 210
6783 231
6784 228
6785 207
6786 208
6787 230
6788 229
6789 206
6790 209
6791 208
6792 208
6793 227
6794 231
6795 228
6796 210
6797 210
6798 230
6799 208
6800 232
6801 324
6802 229
6803 223
6804 209
6805 230
6806 231
6807 207
6808 230
6809 207
6810 208
6811 207
6812 229
6813 209
6814 232
6815 205
6816 208
6817 208
6818 208
6819 209
6820 208
6821 229
6822 206
6823 208
6824 228
6825 206
6826 229
6827 207
6828 207
6829 231
6830 228
6831 453
6832 252
6833 207
6834 231
6835 208
6836 228
6837 208
6838 205
6839 207
6840 227
6841 228
6842 227
6843 208
6844 309
6845 391
6846 207
6847 212
6848 235
6849 229
6850 208
6851 207
6852 211
6853 227
6854 228
6855 228
6856 206
6857 209
6858 208
6859 232
6860 228
6861 208
6862 212
6863 228
6864 210
6865 411
6866 207
6867 322
6868 278
6869 194
6870 229
6871 207
6872 208
6873 228
6874 229
6875 205
6876 231
6877 206
6878 209
6879 229
6880 208
6881 209
6882 209
6883 211
6884 207
6885 207
6886 224
6887 207
6888 227
6889 173
6890 230
6891 228
6892 208
6893 229
6894 209
6895 211
6896 229
6897 208
6898 231
6899 231
6900 228
6901 207
6902 229
6903 234
6904 229
6905 210
6906 227
6907 210
6908 229
6909 226
6910 207
6911 205
6912 228
6913 227
6914 207
6915 230
6916 208
6917 231
6918 208
6919 207
6920 209
6921 209
6922 209
6923 232
6924 207
6925 210
6926 209
6927 207
6928 208
6929 227
6930 228
6931 208
6932 209
6933 230
6934 230
6935 208
6936 210
6937 229
6938 207
6939 207
6940 208
6941 230
6942 228
6943 209
6944 229
6945 231
6946 209
6947 229
6948 207
6949 208
6950 231
6951 172
6952 209
6953 207
6954 210
6955 207
6956 208
6957 209
6958 210
6959 209
6960 212
6961 208
6962 232
6963 211
6964 210
6965 206
6966 232
6967 208
6968 230
6969 231
6970 208
6971 231
6972 207
6973 206
6974 205
6975 208
6976 228
6977 209
6978 206
6979 208
6980 208
6981 203
6982 209
6983 205
6984 228
6985 207
6986 229
6987 209
6988 231
6989 231
6990 228
6991 209
6992 210
6993 210
6994 352
6995 310
6996 232
6997 210
6998 206
6999 230
7000 230
7001 228
7002 209
7003 207
7004 230
7005 231
7006 206
7007 310
7008 392
7009 231
7010 231
7011 211
7012 205
7013 209
7014 228
7015 209
7016 208
7017 210
7018 208
7019 207
7020 232
7021 231
7022 206
7023 208
7024 200
7025 207
7026 209
7027 209
7028 210
7029 331
7030 210
7031 415
7032 207
7033 210
7034 206
7035 206
7036 206
7037 206
7038 209
7039 207
7040 227
7041 204
7042 210
7043 205
7044 207
7045 209
7046 229
7047 227
7048 209
7049 207
7050 230
7051 211
7052 229
7053 205
7054 230
7055 228
7056 207
7057 209
7058 207
7059 227
7060 228
7061 227
7062 227
7063 228
7064 210
7065 229
7066 206
7067 208
7068 226
7069 209
7070 208
7071 208
7072 208
7073 232
7074 230
7075 211
7076 230
7077 207
7078 210
7079 229
7080 229
7081 228
7082 230
7083 209
7084 209
7085 191
7086 208
7087 207
7088 229
7089 209
7090 228
7091 229
7092 227
7093 210
7094 207
7095 228
7096 230
7097 232
7098 227
7099 210
7100 230
7101 209
7102 206
7103 209
7104 228
7105 231
7106 208
7107 229
7108 229
7109 203
7110 210
7111 230
7112 208
7113 209
7114 209
7115 210
7116 209
7117 209
7118 208
7119 208
7120 205
7121 208
7122 207
7123 228
7124 233
7125 230
7126 229
7127 227
7128 210
7129 206
7130 230
7131 210
7132 208
7133 206
7134 205
7135 206
7136 229
7137 229
7138 207
7139 229
7140 209
7141 211
7142 213
7143 208
7144 209
7145 228
7146 208
7147 206
7148 208
7149 232
7150 209
7151 208
7152 210
7153 202
7154 211
7155 231
7156 210
7157 354
7158 209
7159 208
7160 206
7161 228
7162 209
7163 207
7164 207
7165 208
7166 226
7167 229
7168 229
7169 209
7170 208
7171 315
7172 252
7173 210
7174 230
7175 210
7176 209
7177 229
7178 209
7179 207
7180 207
7181 207
7182 207
7183 207
7184 209
7185 209
7186 199
7187 208
7188 228
7189 229
7190 209
7191 210
7192 319
7193 269
7194 210
7195 384
7196 228
7197 228
7198 206
7199 210
7200 226
7201 209
7202 207
7203 228
7204 207
7205 231
7206 207
7207 207
7208 228
7209 140
7210 208
7211 232
7212 207
7213 206
7214 231
7215 209
7216 214
7217 229
7218 210
7219 190
7220 229
7221 210
7222 207
7223 229
7224 208
7225 212
7226 211
7227 226
7228 212
7229 208
7230 209
7231 209
7232 210
7233 212
7234 209
7235 228
7236 232
7237 207
7238 209
7239 207
7240 214
7241 211
7242 209
7243 203
7244 211
7245 230
7246 230
7247 208
7248 226
7249 208
7250 229
7251 207
7252 207
7253 230
7254 207
7255 210
7256 229
7257 229
7258 206
7259 210
7260 230
7261 208
7262 206
7263 209
7264 208
7265 229
7266 227
7267 212
7268 209
7269 231
7270 230
7271 210
7272 208
7273 207
7274 208
7275 208
7276 207
7277 229
7278 208
7279 209
7280 208
7281 230
7282 209
7283 206
7284 227
7285 207
7286 210
7287 228
7288 208
7289 207
7290 208
7291 228
7292 206
7293 209
7294 210
7295 208
7296 208
7297 207
7298 230
7299 226
7300 205
7301 207
7302 228
7303 208
7304 230
7305 233
7306 230
7307 210
7308 225
7309 209
7310 206
7311 229
7312 229
7313 231
7314 229
7315 208
7316 229
7317 226
7318 226
7319 261
7320 209
7321 230
7322 428
7323 209
7324 209
7325 228
7326 231
7327 207
7328 223
7329 229
7330 230
7331 224
7332 229
7333 207
7334 230
7335 310
7336 646
7337 234
7338 230
7339 229
7340 221
7341 209
7342 229
7343 231
7344 209
7345 207
7346 207
7347 206
7348 394
7349 208
7350 228
7351 207
7352 209
7353 209
7354 206
7355 231
7356 406
7357 227
7358 397
7359 209
7360 210
7361 231
7362 230
7363 230
7364 207
7365 209
7366 231
7367 206
7368 208
7369 228
7370 208
7371 206
7372 207
7373 230
7374 208
7375 209
7376 229
7377 174
7378 230
7379 208
7380 207
7381 208
7382 227
7383 207
7384 230
7385 228
7386 227
7387 206
7388 228
7389 210
7390 231
7391 206
7392 209
7393 206
7394 172
7395 229
7396 228
7397 207
7398 208
7399 210
7400 206
7401 206
7402 205
7403 209
7404 208
7405 208
7406 231
7407 209
7408 210
7409 232
7410 210
7411 210
7412 207
7413 231
7414 207
7415 227
7416 207
7417 229
7418 225
7419 229
7420 207
7421 208
7422 208
7423 200
7424 208
7425 207
7426 206
7427 231
7428 208
7429 209
7430 232
7431 209
7432 228
7433 233
7434 206
7435 211
7436 207
7437 228
7438 227
7439 208
7440 229
7441 209
7442 230
7443 209
7444 208
7445 204
7446 227
7447 228
7448 207
7449 207
7450 208
7451 227
7452 230
7453 208
7454 229
7455 229
7456 209
7457 206
7458 232
7459 232
7460 210
7461 227
7462 230
7463 208
7464 231
7465 209
7466 208
7467 226
7468 230
7469 210
7470 228
7471 229
7472 207
7473 206
7474 227
7475 207
7476 210
7477 208
7478 230
7479 209
7480 228
7481 209
7482 209
7483 248
7484 229
7485 207
7486 209
7487 206
7488 229
7489 209
7490 207
7491 209
7492 208
7493 211
7494 229
7495 228
7496 229
7497 328
7498 411
7499 208
7500 208
7501 228
7502 208
7503 210
7504 207
7505 228
7506 230
7507 228
7508 209
7509 228
7510 206
7511 207
7512 210
7513 205
7514 208
7515 229
7516 211
7517 208
7518 227
7519 296
7520 211
7521 398
7522 230
7523 205
7524 208
7525 206
7526 230
7527 208
7528 229
7529 209
7530 209
7531 230
7532 234
7533 231
7534 209
7535 231
7536 209
7537 229
7538 207
7539 209
7540 210
7541 228
7542 208
7543 206
7544 209
7545 208
7546 209
7547 207
7548 209
7549 210
7550 208
7551 204
7552 207
7553 206
7554 229
7555 212
7556 208
7557 211
7558 230
7559 207
7560 204
7561 229
7562 231
7563 208
7564 228
7565 226
7566 207
7567 210
7568 208
7569 208
7570 206
7571 227
7572 205
7573 210
7574 208
7575 228
7576 229
7577 209
7578 228
7579 199
7580 211
7581 206
7582 232
7583 157
7584 210
7585 229
7586 209
7587 210
7588 265
7589 229
7590 208
7591 231
7592 232
7593 229
7594 208
7595 206
7596 207
7597 208
7598 232
7599 228
7600 229
7601 206
7602 211
7603 230
7604 208
7605 229
7606 206
7607 208
7608 207
7609 208
7610 209
7611 210
7612 212
7613 227
7614 207
7615 230
7616 299
7617 229
7618 229
7619 230
7620 205
7621 333
7622 271
7623 231
7624 391
7625 229
7626 206
7627 232
7628 207
7629 211
7630 230
7631 229
7632 207
7633 198
7634 208
7635 208
7636 208
7637 207
7638 210
7639 209
7640 208
7641 232
7642 207
7643 206
7644 396
7645 360
7646 230
7647 234
7648 231
7649 229
7650 209
7651 206
7652 207
7653 204
7654 208
7655 229
7656 227
7657 230
7658 229
7659 559
7660 373
7661 298
7662 207
7663 209
7664 229
7665 228
7666 206
7667 229
7668 230
7669 228
7670 231
7671 210
7672 207
7673 229
7674 212
7675 204
7676 231
7677 210
7678 230
7679 435
7680 209
7681 448
7682 231
7683 228
7684 209
7685 228
7686 209
7687 230
7688 209
7689 214
7690 207
7691 208
7692 208
7693 206
7694 209
7695 208
7696 208
7697 228
7698 210
7699 208
7700 206
7701 207
7702 229
7703 229
7704 207
7705 230
7706 207
7707 206
7708 208
7709 229
7710 206
7711 208
7712 211
7713 210
7714 209
7715 207
7716 207
7717 229
7718 207
7719 209
7720 206
7721 237
7722 208
7723 228
7724 249
7725 206
7726 229
7727 206
7728 208
7729 209
7730 207
7731 208
7732 205
7733 209
7734 209
7735 209
7736 210
7737 209
7738 230
7739 207
7740 203
7741 231
7742 209
7743 207
7744 208
7745 229
7746 233
7747 209
7748 209
7749 207
7750 209
7751 229
7752 173
7753 228
7754 207
7755 212
7756 232
7757 207
7758 209
7759 208
7760 206
7761 206
7762 231
7763 206
7764 232
7765 209
7766 208
7767 209
7768 205
7769 228
7770 207
7771 229
7772 230
7773 207
7774 230
7775 207
7776 231
7777 208
7778 211
7779 205
7780 207
7781 231
7782 208
7783 207
7784 230
7785 206
7786 207
7787 210
7788 209
7789 229
7790 229
7791 208
7792 209
7793 229
7794 206
7795 207
7796 230
7797 227
7798 209
7799 207
7800 230
7801 208
7802 208
7803 208
7804 207
7805 228
7806 459
7807 208
7808 227
7809 208
7810 209
7811 210
7812 206
7813 230
7814 229
7815 208
7816 227
7817 208
7818 208
7819 207
7820 204
7821 315
7822 434
7823 386
7824 231
7825 230
7826 227
7827 230
7828 209
7829 208
7830 209
7831 207
7832 213
7833 208
7834 205
7835 207
7836 229
7837 229
7838 206
7839 207
7840 209
7841 419
7842 229
7843 347
7844 230
7845 210
7846 208
7847 207
7848 228
7849 208
7850 229
7851 209
7852 230
7853 229
7854 209
7855 227
7856 209
7857 208
7858 230
7859 209
7860 207
7861 209
7862 229
7863 226
7864 208
7865 228
7866 209
7867 228
7868 229
7869 130
7870 231
7871 231
7872 231
7873 208
7874 210
7875 230
7876 207
7877 206
7878 301
7879 213
7880 343
7881 209
7882 209
7883 209
7884 208
7885 209
7886 226
7887 227
7888 208
7889 210
7890 229
7891 227
7892 207
7893 206
7894 206
7895 206
7896 228
7897 228
7898 231
7899 230
7900 231
7901 231
7902 208
7903 206
7904 226
7905 230
7906 228
7907 229
7908 208
7909 208
7910 209
7911 210
7912 228
7913 208
7914 228
7915 227
7916 214
7917 208
7918 211
7919 210
7920 209
7921 207
7922 209
7923 206
7924 228
7925 207
7926 208
7927 228
7928 230
7929 231
7930 228
7931 198
7932 228
7933 209
7934 210
7935 207
7936 206
7937 226
7938 205
7939 230
7940 227
7941 229
7942 207
7943 207
7944 210
7945 208
7946 231
7947 208
7948 209
7949 207
7950 227
7951 209
7952 211
7953 207
7954 208
7955 207
7956 208
7957 229
7958 205
7959 229
7960 230
7961 229
7962 227
7963 208
7964 206
7965 206
7966 207
7967 324
7968 212
7969 229
7970 227
7971 208
7972 212
7973 207
7974 210
7975 231
7976 228
7977 209
7978 205
7979 230
7980 228
7981 472
7982 412
7983 562
7984 210
7985 228
7986 228
7987 209
7988 228
7989 208
7990 229
7991 230
7992 322
7993 274
7994 231
7995 210
7996 209
7997 230
7998 208
7999 207
8000 207
8001 290
8002 288
8003 212
8004 390
8005 192
8006 211
8007 208
8008 206
8009 202
8010 211
8011 208
8012 231
8013 229
8014 208
8015 209
8016 211
8017 229
8018 206
8019 208
8020 206
8021 227
8022 206
8023 226
8024 209
8025 231
8026 207
8027 228
8028 229
8029 209
8030 207
8031 207
8032 208
8033 207
8034 212
8035 229
8036 228
8037 209
8038 208
8039 208
8040 232
8041 228
8042 221
8043 232
8044 205
8045 210
8046 205
8047 209
8048 227
8049 230
8050 206
8051 207
8052 228
8053 208
8054 209
8055 206
8056 207
8057 229
8058 208
8059 208
8060 229
8061 208
8062 207
8063 210
8064 228
8065 205
8066 207
8067 228
8068 230
8069 227
8070 211
8071 207
8072 210
8073 208
8074 209
8075 208
8076 209
8077 229
8078 209
8079 193
8080 212
8081 211
8082 207
8083 208
8084 208
8085 229
8086 229
8087 231
8088 211
8089 230
8090 228
8091 230
8092 207
8093 226
8094 208
8095 211
8096 207
8097 230
8098 207
8099 209
8100 228
8101 199
8102 230
8103 230
8104 206
8105 208
8106 228
8107 209
8108 210
8109 207
8110 214
8111 233
8112 208
8113 232
8114 207
8115 207
8116 209
8117 208
8118 209
8119 207
8120 208
8121 210
8122 209
8123 210
8124 231
8125 209
8126 228
8127 227
8128 346
8129 229
8130 231
8131 228
8132 208
8133 206
8134 230
8135 208
8136 367
8137 499
8138 205
8139 207
8140 232
8141 207
8142 561
8143 231
8144 230
8145 230
8146 211
8147 210
8148 208
8149 231
8150 230
8151 206
8152 229
8153 229
8154 208
8155 209
8156 230
8157 207
8158 208
8159 208
8160 230
8161 207
8162 230
8163 266
8164 210
8165 391
8166 209
8167 208
8168 227
8169 208
8170 206
8171 208
8172 209
8173 208
8174 228
8175 229
8176 208
8177 211
8178 230
8179 228
8180 206
8181 228
8182 208
8183 209
8184 207
8185 208
8186 209
8187 208
8188 228
8189 229
8190 228
8191 207
8192 209
8193 208
8194 230
8195 208
8196 229
8197 207
8198 229
8199 206
8200 208
8201 229
8202 207
8203 227
8204 227
8205 235
8206 214
8207 209
8208 211
8209 230
8210 208
8211 207
8212 206
8213 208
8214 229
8215 231
8216 210
8217 230
8218 208
8219 230
8220 210
8221 206
8222 230
8223 210
8224 209
8225 228
8226 228
8227 207
8228 205
8229 207
8230 207
8231 229
8232 208
8233 210
8234 230
8235 210
8236 211
8237 206
8238 210
8239 208
8240 208
8241 209
8242 229
8243 209
8244 210
8245 208
8246 229
8247 209
8248 227
8249 208
8250 228
8251 228
8252 206
8253 208
8254 207
8255 229
8256 230
8257 229
8258 227
8259 204
8260 207
8261 206
8262 207
8263 229
8264 208
8265 192
8266 208
8267 208
8268 226
8269 208
8270 203
8271 207
8272 194
8273 231
8274 209
8275 207
8276 207
8277 206
8278 208
8279 228
8280 230
8281 208
8282 209
8283 228
8284 208
8285 230
8286 229
8287 203
8288 207
8289 208
8290 342
8291 208
8292 228
8293 231
8294 208
8295 206
8296 208
8297 228
8298 229
8299 209
8300 208
8301 209
8302 206
8303 230
8304 336
8305 388
8306 209
8307 208
8308 231
8309 208
8310 208
8311 207
8312 206
8313 208
8314 228
8315 231
8316 209
8317 229
8318 208
8319 227
8320 206
8321 210
8322 209
8323 209
8324 208
8325 409
8326 228
8327 352
8328 229
8329 210
8330 208
8331 228
8332 230
8333 208
8334 230
8335 208
8336 228
8337 204
8338 206
8339 207
8340 229
8341 229
8342 211
8343 229
8344 209
8345 228
8346 231
8347 231
8348 230
8349 228
8350 209
8351 230
8352 228
8353 208
8354 208
8355 211
8356 206
8357 231
8358 210
8359 207
8360 210
8361 228
8362 208
8363 210
8364 208
8365 206
8366 209
8367 230
8368 209
8369 207
8370 226
8371 228
8372 230
8373 199
8374 208
8375 230
8376 205
8377 231
8378 208
8379 207
8380 230
8381 209
8382 230
8383 209
8384 208
8385 209
8386 230
8387 225
8388 229
8389 208
8390 229
8391 208
8392 226
8393 206
8394 209
8395 206
8396 208
8397 230
8398 205
8399 229
8400 208
8401 210
8402 208
8403 214
8404 230
8405 211
8406 172
8407 206
8408 230
8409 209
8410 229
8411 208
8412 227
8413 212
8414 229
8415 228
8416 206
8417 208
8418 228
8419 229
8420 230
8421 227
8422 208
8423 229
8424 230
8425 209
8426 209
8427 228
8428 209
8429 230
8430 207
8431 212
8432 204
8433 206
8434 210
8435 229
8436 208
8437 209
8438 227
8439 210
8440 212
8441 198
8442 209
8443 227
8444 226
8445 207
8446 231
8447 208
8448 228
8449 209
8450 209
8451 208
8452 211
8453 229
8454 292
8455 208
8456 210
8457 227
8458 229
8459 206
8460 206
8461 228
8462 207
8463 207
8464 229
8465 205
8466 227
8467 208
8468 386
8469 228
8470 226
8471 207
8472 231
8473 228
8474 209
8475 209
8476 233
8477 229
8478 209
8479 226
8480 232
8481 208
8482 230
8483 209
8484 208
8485 229
8486 208
8487 208
8488 373
8489 207
8490 210
8491 307
8492 206
8493 211
8494 231
8495 207
8496 209
8497 228
8498 230
8499 209
8500 212
8501 206
8502 297
8503 388
8504 330
8505 209
8506 207
8507 228
8508 229
8509 207
8510 230
8511 207
8512 230
8513 228
8514 211
8515 207
8516 209
8517 209
8518 229
8519 207
8520 208
8521 229
8522 231
8523 233
8524 223
8525 207
8526 228
8527 210
8528 207
8529 222
8530 209
8531 205
8532 226
8533 208
8534 229
8535 208
8536 227
8537 207
8538 231
8539 229
8540 230
8541 229
8542 208
8543 208
8544 229
8545 229
8546 208
8547 228
8548 208
8549 208
8550 231
8551 208
8552 210
8553 207
8554 209
8555 209
8556 209
8557 208
8558 208
8559 205
8560 229
8561 207
8562 228
8563 207
8564 227
8565 209
8566 229
8567 229
8568 208
8569 206
8570 228
8571 229
8572 209
8573 208
8574 208
8575 233
8576 206
8577 210
8578 208
8579 229
8580 231
8581 209
8582 208
8583 210
8584 212
8585 229
8586 229
8587 229
8588 206
8589 229
8590 230
8591 208
8592 210
8593 209
8594 265
8595 231
8596 208
8597 209
8598 231
8599 224
8600 230
8601 229
8602 192
8603 210
8604 208
8605 230
8606 206
8607 208
8608 231
8609 230
8610 208
8611 207
8612 228
8613 228
8614 210
8615 325
8616 228
8617 206
8618 226
8619 333
8620 233
8621 231
8622 229
8623 208
8624 231
8625 231
8626 208
8627 208
8628 441
8629 439
8630 404
8631 228
8632 233
8633 209
8634 209
8635 208
8636 193
8637 355
8638 230
8639 206
8640 229
8641 207
8642 208
8643 206
8644 208
8645 232
8646 206
8647 206
8648 209
8649 370
8650 206
8651 228
8652 402
8653 206
8654 209
8655 208
8656 207
8657 207
8658 211
8659 229
8660 209
8661 208
8662 211
8663 208
8664 212
8665 209
8666 206
8667 209
8668 207
8669 208
8670 212
8671 205
8672 210
8673 212
8674 209
8675 209
8676 171
8677 229
8678 233
8679 208
8680 207
8681 208
8682 228
8683 230
8684 229
8685 213
8686 230
8687 207
8688 229
8689 209
8690 206
8691 211
8692 209
8693 209
8694 207
8695 236
8696 231
8697 228
8698 230
8699 229
8700 229
8701 207
8702 208
8703 205
8704 227
8705 205
8706 208
8707 207
8708 206
8709 227
8710 205
8711 228
8712 208
8713 206
8714 207
8715 228
8716 211
8717 229
8718 211
8719 211
8720 229
8721 207
8722 208
8723 227
8724 207
8725 210
8726 211
8727 232
8728 209
8729 207
8730 208
8731 210
8732 209
8733 209
8734 227
8735 228
8736 229
8737 226
8738 207
8739 172
8740 209
8741 210
8742 207
8743 231
8744 211
8745 207
8746 209
8747 229
8748 209
8749 226
8750 208
8751 208
8752 209
8753 230
8754 230
8755 210
8756 209
8757 209
8758 207
8759 209
8760 228
8761 227
8762 208
8763 211
8764 229
8765 210
8766 229
8767 208
8768 208
8769 208
8770 229
8771 205
8772 227
8773 208
8774 228
8775 228
8776 287
8777 265
8778 205
8779 231
8780 226
8781 208
8782 210
8783 211
8784 230
8785 226
8786 208
8787 231
8788 208
8789 207
8790 290
8791 573
8792 207
8793 212
8794 228
8795 207
8796 205
8797 207
8798 227
8799 227
8800 227
8801 211
8802 229
8803 206
8804 208
8805 226
8806 208
8807 208
8808 206
8809 229
8810 206
8811 301
8812 263
8813 230
8814 429
8815 209
8816 205
8817 229
8818 227
8819 229
8820 232
8821 208
8822 202
8823 207
8824 231
8825 229
8826 208
8827 209
8828 230
8829 233
8830 210
8831 206
8832 210
8833 208
8834 207
8835 230
8836 229
8837 206
8838 229
8839 229
8840 230
8841 208
8842 227
8843 227
8844 207
8845 228
8846 207
8847 207
8848 208
8849 212
8850 207
8851 229
8852 205
8853 206
8854 227
8855 209
8856 228
8857 227
8858 230
8859 209
8860 207
8861 206
8862 227
8863 207
8864 206
8865 208
8866 230
8867 207
8868 208
8869 208
8870 208
8871 213
8872 209
8873 228
8874 207
8875 208
8876 231
8877 210
8878 230
8879 207
8880 229
8881 227
8882 208
8883 209
8884 205
8885 206
8886 209
8887 193
8888 210
8889 208
8890 206
8891 229
8892 208
8893 230
8894 208
8895 229
8896 210
8897 211
8898 207
8899 208
8900 231
8901 210
8902 229
8903 229
8904 229
8905 208
8906 205
8907 230
8908 229
8909 209
8910 210
8911 229
8912 207
8913 228
8914 205
8915 209
8916 213
8917 229
8918 207
8919 228
8920 210
8921 226
8922 209
8923 218
8924 207
8925 207
8926 229
8927 206
8928 208
8929 206
8930 206
8931 227
8932 230
8933 209
8934 228
8935 139
8936 207
8937 230
8938 208
8939 226
8940 568
8941 207
8942 229
8943 228
8944 172
8945 207
8946 207
8947 209
8948 206
8949 206
8950 229
8951 206
8952 232
8953 278
8954 504
8955 205
8956 228
8957 205
8958 228
8959 229
8960 210
8961 227
8962 208
8963 210
8964 209
8965 228
8966 207
8967 206
8968 208
8969 230
8970 227
8971 228
8972 229
8973 207
8974 471
8975 206
8976 302
8977 318
8978 229
8979 210
8980 210
8981 206
8982 210
8983 228
8984 209
8985 207
8986 207
8987 211
8988 212
8989 209
8990 230
8991 229
8992 208
8993 231
8994 207
8995 229
8996 230
8997 209
8998 191
8999 229
9000 209
9001 228
9002 205
9003 227
9004 208
9005 208
9006 226
9007 229
9008 229
9009 229
9010 229
9011 209
9012 229
9013 205
9014 228
9015 208
9016 207
9017 230
9018 209
9019 212
9020 207
9021 208
9022 203
9023 224
9024 208
9025 229
9026 231
9027 227
9028 209
9029 209
9030 208
9031 208
9032 210
9033 213
9034 227
9035 228
9036 228
9037 209
9038 229
9039 228
9040 208
9041 231
9042 207
9043 207
9044 207
9045 209
9046 231
9047 208
9048 207
9049 208
9050 208
9051 208
9052 229
9053 208
9054 228
9055 207
9056 208
9057 208
9058 208
9059 208
9060 230
9061 228
9062 232
9063 209
9064 209
9065 206
9066 206
9067 208
9068 209
9069 206
9070 210
9071 209
9072 207
9073 209
9074 209
9075 206
9076 208
9077 230
9078 210
9079 206
9080 208
9081 209
9082 208
9083 207
9084 230
9085 228
9086 226
9087 207
9088 234
9089 206
9090 227
9091 211
9092 208
9093 228
9094 230
9095 232
9096 228
9097 208
9098 211
9099 206
9100 208
9101 209
9102 341
9103 402
9104 232
9105 228
9106 319
9107 229
9108 208
9109 230
9110 231
9111 228
9112 226
9113 208
9114 230
9115 209
9116 568
9117 232
9118 228
9119 209
9120 202
9121 209
9122 227
9123 207
9124 206
9125 228
9126 208
9127 208
9128 210
9129 199
9130 229
9131 208
9132 208
9133 229
9134 228
9135 205
9136 209
9137 427
9138 207
9139 415
9140 207
9141 229
9142 230
9143 227
9144 207
9145 209
9146 231
9147 207
9148 208
9149 229
9150 228
9151 229
9152 208
9153 208
9154 231
9155 230
9156 226
9157 209
9158 208
9159 205
9160 209
9161 229
9162 211
9163 209
9164 207
9165 206
9166 210
9167 231
9168 212
9169 228
9170 210
9171 207
9172 207
9173 229
9174 206
9175 230
9176 298
9177 303
9178 230
9179 208
9180 226
9181 230
9182 212
9183 207
9184 211
9185 210
9186 207
9187 228
9188 230
9189 228
9190 208
9191 230
9192 229
9193 210
9194 231
9195 208
9196 207
9197 229
9198 210
9199 209
9200 228
9201 229
9202 209
9203 229
9204 205
9205 230
9206 211
9207 205
9208 229
9209 207
9210 208
9211 208
9212 228
9213 232
9214 227
9215 209
9216 207
9217 209
9218 207
9219 230
9220 208
9221 229
9222 206
9223 208
9224 210
9225 208
9226 207
9227 209
9228 208
9229 231
9230 208
9231 209
9232 211
9233 225
9234 208
9235 228
9236 209
9237 233
9238 208
9239 229
9240 207
9241 209
9242 226
9243 228
9244 227
9245 209
9246 228
9247 254
9248 209
9249 209
9250 209
9251 226
9252 207
9253 208
9254 229
9255 208
9256 229
9257 209
9258 206
9259 232
9260 208
9261 210
9262 211
9263 210
9264 207
9265 230
9266 203
9267 207
9268 207
9269 210
9270 208
9271 207
9272 208
9273 207
9274 229
9275 208
9276 211
9277 208
9278 275
9279 486
9280 205
9281 210
9282 209
9283 211
9284 207
9285 208
9286 211
9287 227
9288 208
9289 208
9290 228
9291 207
9292 230
9293 206
9294 208
9295 229
9296 230
9297 208
9298 226
9299 227
9300 402
9301 207
9302 355
9303 206
9304 207
9305 209
9306 206
9307 208
9308 206
9309 209
9310 209
9311 211
9312 209
9313 334
9314 229
9315 229
9316 207
9317 229
9318 209
9319 227
9320 228
9321 228
9322 207
9323 208
9324 206
9325 230
9326 192
9327 209
9328 230
9329 211
9330 228
9331 208
9332 230
9333 229
9334 229
9335 230
9336 209
9337 231
9338 207
9339 207
9340 207
9341 228
9342 230
9343 208
9344 228
9345 209
9346 231
9347 207
9348 226
9349 230
9350 230
9351 230
9352 209
9353 228
9354 209
9355 227
9356 208
9357 228
9358 205
9359 207
9360 207
9361 229
9362 227
9363 230
9364 228
9365 207
9366 227
9367 207
9368 210
9369 206
9370 210
9371 228
9372 210
9373 211
9374 226
9375 206
9376 205
9377 229
9378 227
9379 232
9380 228
9381 207
9382 209
9383 231
9384 206
9385 206
9386 207
9387 209
9388 228
9389 228
9390 231
9391 231
9392 209
9393 228
9394 209
9395 229
9396 210
9397 209
9398 227
9399 207
9400 210
9401 230
9402 229
9403 229
9404 206
9405 209
9406 206
9407 206
9408 210
9409 206
9410 233
9411 232
9412 206
9413 207
9414 207
9415 208
9416 229
9417 209
9418 207
9419 209
9420 227
9421 230
9422 209
9423 233
9424 228
9425 209
9426 229
9427 504
9428 206
9429 209
9430 205
9431 328
9432 208
9433 233
9434 230
9435 228
9436 211
9437 209
9438 209
9439 207
9440 310
9441 428
9442 232
9443 207
9444 206
9445 231
9446 211
9447 228
9448 227
9449 209
9450 209
9451 228
9452 229
9453 228
9454 208
9455 211
9456 208
9457 206
9458 208
9459 229
9460 208
9461 408
9462 208
9463 189
9464 330
9465 208
9466 209
9467 206
9468 208
9469 207
9470 209
9471 209
9472 227
9473 208
9474 230
9475 210
9476 210
9477 212
9478 231
9479 206
9480 229
9481 209
9482 227
9483 209
9484 228
9485 208
9486 207
9487 208
9488 229
9489 210
9490 231
9491 203
9492 210
9493 206
9494 202
9495 209
9496 208
9497 226
9498 206
9499 205
9500 227
9501 209
9502 204
9503 207
9504 228
9505 208
9506 212
9507 209
9508 209
9509 209
9510 208
9511 209
9512 205
9513 230
9514 210
9515 230
9516 207
9517 209
9518 210
9519 208
9520 209
9521 206
9522 211
9523 209
9524 207
9525 228
9526 206
9527 210
9528 229
9529 209
9530 209
9531 208
9532 209
9533 231
9534 209
9535 209
9536 207
9537 228
9538 207
9539 207
9540 207
9541 209
9542 208
9543 210
9544 228
9545 206
9546 205
9547 225
9548 208
9549 208
9550 208
9551 208
9552 230
9553 210
9554 208
9555 207
9556 210
9557 208
9558 207
9559 210
9560 209
9561 207
9562 206
9563 229
9564 229
9565 211
9566 208
9567 206
9568 228
9569 208
9570 207
9571 208
9572 229
9573 232
9574 208
9575 209
9576 230
9577 206
9578 209
9579 209
9580 206
9581 207
9582 230
9583 209
9584 228
9585 207
9586 209
9587 207
9588 209
9589 228
9590 208
9591 282
9592 267
9593 209
9594 230
9595 207
9596 385
9597 346
9598 227
9599 257
9600 441
9601 231
9602 210
9603 548
9604 526
9605 388
9606 207
9607 210
9608 351
9609 468
9610 572
9611 436
9612 344
9613 208
9614 210
9615 338
9616 360
9617 209
9618 206
9619 208
9620 209
9621 228
9622 230
9623 208
9624 209
9625 213
9626 231
9627 210
9628 210
9629 208
9630 231
9631 211
9632 230
9633 209
9634 206
9635 231
9636 216
9637 211
9638 235
9639 211
9640 215
9641 211
9642 197
9643 209
9644 229
9645 211
9646 228
9647 230
9648 206
9649 229
9650 232
9651 211
9652 211
9653 211
9654 231
9655 210
9656 231
9657 211
9658 210
9659 209
9660 228
9661 211
9662 229
9663 217
9664 230
9665 209
9666 209
9667 210
9668 231
9669 215
9670 211
9671 210
9672 208
9673 230
9674 212
9675 233
9676 215
9677 213
9678 210
9679 210
9680 202
9681 232
9682 209
9683 209
9684 210
9685 218
9686 207
9687 220
9688 241
9689 216
9690 233
9691 231
9692 234
9693 232
9694 213
9695 212
9696 210
9697 215
9698 211
9699 231
9700 230
9701 211
9702 209
9703 208
9704 209
9705 208
9706 205
9707 208
9708 210
9709 206
9710 229
9711 208
9712 233
9713 233
9714 232
9715 237
9716 234
9717 211
9718 210
9719 233
9720 212
9721 211
9722 231
9723 209
9724 230
9725 209
9726 231
9727 232
9728 231
9729 233
9730 227
9731 210
9732 234
9733 211
9734 210
9735 228
9736 208
9737 229
9738 209
9739 230
9740 193
9741 230
9742 308
9743 391
9744 210
9745 207
9746 328
9747 208
9748 209
9749 208
9750 230
9751 227
9752 208
9753 229
9754 231
9755 212
9756 210
9757 211
9758 212
9759 313
9760 510
9761 211
9762 210
9763 229
9764 225
9765 207
9766 233
9767 233
9768 209
9769 229
9770 208
9771 208
9772 332
9773 209
9774 231
9775 231
9776 229
9777 211
9778 209
9779 207
9780 207
9781 210
9782 208
9783 210
9784 208
9785 208
9786 209
9787 230
9788 229
9789 210
9790 209
9791 208
9792 231
9793 209
9794 211
9795 230
9796 210
9797 229
9798 236
9799 245
9800 208
9801 233
9802 232
9803 208
9804 235
9805 232
9806 228
9807 206
9808 414
9809 271
9810 229
9811 228
9812 226
9813 208
9814 229
9815 210
9816 228
9817 207
9818 207
9819 229
9820 231
9821 209
9822 207
9823 209
9824 228
9825 209
9826 421
9827 206
9828 231
9829 331
9830 229
9831 229
9832 229
9833 229
9834 208
9835 205
9836 227
9837 210
9838 208
9839 229
9840 207
9841 207
9842 208
9843 210
9844 206
9845 228
9846 228
9847 400
9848 211
9849 430
9850 208
9851 211
9852 207
9853 207
9854 207
9855 208
9856 207
9857 229
9858 229
9859 172
9860 209
9861 228
9862 208
9863 208
9864 228
9865 208
9866 230
9867 210
9868 230
9869 209
9870 229
9871 208
9872 208
9873 209
9874 230
9875 209
9876 209
9877 303
9878 354
9879 226
9880 208
9881 227
9882 229
9883 206
9884 211
9885 211
9886 208
9887 207
9888 228
9889 230
9890 205
9891 209
9892 230
9893 212
9894 192
9895 207
9896 228
9897 207
9898 209
9899 326
9900 231
9901 229
9902 232
9903 208
9904 228
9905 228
9906 208
9907 230
9908 231
9909 209
9910 227
9911 210
9912 229
9913 329
9914 209
9915 234
9916 209
9917 422
9918 251
9919 230
9920 207
9921 209
9922 207
9923 208
9924 210
9925 224
9926 207
9927 208
9928 230
9929 249
9930 227
9931 232
9932 210
9933 228
9934 228
9935 370
9936 208
9937 325
9938 253
9939 209
9940 229
9941 230
9942 211
9943 230
9944 229
9945 227
9946 233
9947 208
9948 228
9949 208
9950 207
9951 160
9952 208
9953 229
9954 210
9955 227
9956 207
9957 211
9958 210
9959 206
9960 228
9961 228
9962 230
9963 209
9964 230
9965 228
9966 209
9967 208
9968 207
9969 228
9970 209
9971 207
9972 227
9973 230
9974 228
9975 208
9976 229
9977 210
9978 228
9979 207
9980 229
9981 208
9982 206
9983 230
9984 230
9985 229
9986 227
9987 207
9988 207
9989 211
9990 229
9991 206
9992 207
9993 208
9994 198
9995 228
9996 228
9997 208
9998 207
9999 209
