i t
0 206
1 231
2 222
3 207
4 225
5 225
6 222
7 232
8 231
9 224
10 230
11 229
12 232
13 224
14 231
15 205
16 229
17 223
18 228
19 227
20 230
21 225
22 229
23 298
24 299
25 233
26 236
27 204
28 229
29 263
30 234
31 234
32 278
33 208
34 230
35 222
36 233
37 220
38 230
39 228
40 230
41 234
42 232
43 227
44 220
45 233
46 228
47 228
48 231
49 228
50 219
51 223
52 232
53 230
54 234
55 232
56 295
57 295
58 229
59 211
60 227
61 227
62 225
63 231
64 227
65 228
66 226
67 228
68 232
69 228
70 231
71 208
72 221
73 231
74 284
75 229
76 229
77 231
78 224
79 228
80 230
81 232
82 227
83 227
84 296
85 288
86 221
87 227
88 233
89 229
90 204
91 208
92 230
93 228
94 225
95 236
96 221
97 230
98 233
99 232
100 228
101 220
102 227
103 211
104 224
105 223
106 222
107 221
108 231
109 233
110 224
111 227
112 234
113 221
114 230
115 225
116 231
117 232
118 228
119 225
120 233
121 231
122 234
123 232
124 227
125 233
126 226
127 231
128 228
129 227
130 221
131 235
132 230
133 234
134 224
135 336
136 236
137 230
138 231
139 234
140 233
141 234
142 209
143 228
144 226
145 223
146 229
147 228
148 225
149 232
150 223
151 230
152 224
153 230
154 228
155 233
156 235
157 229
158 228
159 225
160 232
161 230
162 233
163 208
164 224
165 231
166 222
167 226
168 233
169 225
170 230
171 230
172 226
173 207
174 232
175 229
176 236
177 229
178 226
179 229
180 228
181 231
182 227
183 228
184 231
185 231
186 228
187 231
188 223
189 306
190 282
191 232
192 230
193 206
194 222
195 228
196 223
197 233
198 228
199 241
200 225
201 226
202 224
203 232
204 231
205 230
206 232
207 232
208 232
209 227
210 218
211 229
212 231
213 230
214 220
215 226
216 225
217 232
218 230
219 223
220 228
221 233
222 227
223 234
224 229
225 231
226 229
227 221
228 230
229 225
230 231
231 209
232 231
233 234
234 228
235 232
236 231
237 228
238 232
239 232
240 222
241 220
242 208
243 231
244 227
245 270
246 267
247 230
248 226
249 225
250 231
251 225
252 226
253 230
254 229
255 218
256 227
257 225
258 231
259 222
260 229
261 227
262 218
263 231
264 229
265 227
266 231
267 212
268 212
269 230
270 209
271 227
272 232
273 228
274 226
275 230
276 222
277 230
278 234
279 228
280 228
281 229
282 229
283 232
284 230
285 237
286 228
287 230
288 226
289 228
290 234
291 224
292 222
293 226
294 226
295 226
296 219
297 231
298 228
299 117
300 229
301 232
302 266
303 292
304 222
305 227
306 229
307 230
308 228
309 231
310 215
311 220
312 197
313 223
314 216
315 215
316 215
317 224
318 221
319 316
320 218
321 249
322 220
323 219
324 304
325 269
326 233
327 222
328 213
329 309
330 222
331 428
332 246
333 220
334 215
335 201
336 217
337 215
338 251
339 221
340 218
341 212
342 222
343 215
344 221
345 263
346 251
347 219
348 212
349 214
350 220
351 276
352 217
353 201
354 255
355 224
356 216
357 220
358 282
359 270
360 219
361 217
362 222
363 218
364 212
365 215
366 200
367 216
368 216
369 217
370 212
371 220
372 213
373 220
374 258
375 243
376 218
377 221
378 309
379 219
380 327
381 217
382 219
383 327
384 224
385 223
386 388
387 218
388 218
389 220
390 221
391 218
392 216
393 221
394 261
395 274
396 298
397 224
398 203
399 219
400 266
401 221
402 214
403 217
404 215
405 220
406 222
407 234
408 316
409 217
410 216
411 219
412 222
413 219
414 219
415 259
416 278
417 215
418 220
419 208
420 216
421 219
422 222
423 231
424 217
425 216
426 220
427 218
428 270
429 218
430 222
431 221
432 218
433 219
434 199
435 214
436 220
437 216
438 217
439 219
440 220
441 195
442 214
443 210
444 197
445 220
446 215
447 217
448 219
449 218
450 221
451 213
452 221
453 206
454 221
455 219
456 216
457 222
458 295
459 198
460 224
461 222
462 219
463 215
464 298
465 219
466 215
467 224
468 220
469 220
470 219
471 218
472 279
473 228
474 210
475 214
476 223
477 217
478 214
479 199
480 222
481 220
482 222
483 220
484 196
485 221
486 222
487 198
488 219
489 214
490 221
491 225
492 223
493 220
494 223
495 203
496 200
497 218
498 220
499 218
500 222
501 220
502 218
503 212
504 220
505 221
506 223
507 223
508 215
509 223
510 221
511 218
512 217
513 219
514 222
515 223
516 261
517 219
518 222
519 218
520 217
521 362
522 220
523 222
524 222
525 219
526 223
527 221
528 222
529 349
530 219
531 209
532 204
533 215
534 223
535 214
536 218
537 234
538 220
539 217
540 217
541 218
542 222
543 180
544 220
545 217
546 221
547 223
548 215
549 218
550 219
551 217
552 200
553 254
554 224
555 217
556 218
557 216
558 219
559 221
560 218
561 220
562 219
563 211
564 225
565 221
566 211
567 218
568 214
569 217
570 219
571 201
572 219
573 264
574 217
575 221
576 218
577 212
578 273
579 318
580 211
581 221
582 201
583 216
584 219
585 219
586 281
587 283
588 213
589 219
590 224
591 221
592 212
593 198
594 224
595 211
596 221
597 215
598 219
599 219
600 221
601 268
602 221
603 217
604 215
605 212
606 222
607 198
608 223
609 223
610 221
611 218
612 219
613 217
614 219
615 221
616 249
617 218
618 202
619 220
620 201
621 210
622 219
623 218
624 247
625 216
626 268
627 213
628 221
629 219
630 284
631 223
632 313
633 220
634 215
635 253
636 271
637 197
638 215
639 214
640 213
641 222
642 220
643 287
644 275
645 218
646 198
647 212
648 221
649 223
650 221
651 220
652 221
653 218
654 213
655 218
656 213
657 220
658 215
659 214
660 222
661 216
662 219
663 213
664 215
665 217
666 212
667 219
668 223
669 219
670 221
671 210
672 222
673 222
674 217
675 231
676 221
677 216
678 217
679 219
680 211
681 216
682 197
683 210
684 224
685 214
686 222
687 224
688 258
689 211
690 214
691 219
692 214
693 418
694 339
695 219
696 223
697 253
698 223
699 214
700 256
701 285
702 219
703 221
704 216
705 221
706 221
707 221
708 222
709 185
710 220
711 219
712 220
713 220
714 218
715 218
716 219
717 216
718 211
719 216
720 222
721 221
722 219
723 220
724 221
725 260
726 216
727 218
728 215
729 216
730 202
731 220
732 217
733 217
734 217
735 211
736 220
737 211
738 216
739 223
740 219
741 217
742 221
743 197
744 261
745 222
746 218
747 200
748 213
749 223
750 388
751 218
752 223
753 222
754 220
755 220
756 223
757 201
758 283
759 281
760 217
761 224
762 213
763 216
764 223
765 213
766 222
767 220
768 212
769 222
770 219
771 214
772 219
773 213
774 218
775 218
776 222
777 217
778 222
779 218
780 214
781 219
782 217
783 226
784 215
785 218
786 218
787 217
788 218
789 214
790 210
791 220
792 212
793 215
794 223
795 194
796 221
797 197
798 215
799 213
800 220
801 197
802 221
803 220
804 248
805 220
806 224
807 215
808 389
809 219
810 218
811 210
812 221
813 222
814 216
815 217
816 349
817 230
818 220
819 221
820 219
821 219
822 218
823 221
824 223
825 290
826 220
827 223
828 215
829 253
830 217
831 224
832 220
833 222
834 222
835 215
836 222
837 215
838 211
839 220
840 221
841 217
842 217
843 214
844 225
845 220
846 219
847 181
848 216
849 218
850 216
851 220
852 215
853 217
854 241
855 212
856 215
857 220
858 224
859 316
860 310
861 221
862 225
863 383
864 296
865 223
866 214
867 219
868 222
869 213
870 223
871 214
872 350
873 222
874 216
875 215
876 221
877 200
878 219
879 222
880 224
881 215
882 216
883 215
884 244
885 218
886 243
887 221
888 219
889 215
890 233
891 215
892 227
893 217
894 221
895 223
896 217
897 216
898 216
899 211
900 220
901 219
902 220
903 217
904 220
905 220
906 222
907 215
908 198
909 222
910 200
911 218
912 214
913 198
914 222
915 352
916 221
917 220
918 221
919 216
920 218
921 350
922 221
923 218
924 215
925 221
926 219
927 199
928 200
929 218
930 332
931 221
932 211
933 221
934 222
935 214
936 196
937 214
938 216
939 211
940 221
941 218
942 217
943 210
944 220
945 219
946 215
947 212
948 219
949 222
950 214
951 219
952 218
953 221
954 217
955 214
956 211
957 190
958 216
959 202
960 218
961 218
962 220
963 219
964 224
965 215
966 220
967 217
968 212
969 222
970 222
971 214
972 246
973 252
974 223
975 213
976 215
977 297
978 306
979 212
980 223
981 201
982 218
983 222
984 220
985 287
986 278
987 224
988 219
989 220
990 221
991 213
992 216
993 219
994 221
995 218
996 211
997 221
998 211
999 214
1000 218
1001 220
1002 220
1003 222
1004 222
1005 220
1006 223
1007 223
1008 211
1009 220
1010 213
1011 221
1012 220
1013 219
1014 221
1015 218
1016 218
1017 220
1018 224
1019 219
1020 218
1021 213
1022 219
1023 215
1024 218
1025 215
1026 219
1027 214
1028 216
1029 222
1030 317
1031 213
1032 213
1033 218
1034 309
1035 406
1036 221
1037 219
1038 212
1039 221
1040 221
1041 306
1042 283
1043 220
1044 200
1045 213
1046 218
1047 162
1048 221
1049 220
1050 223
1051 200
1052 216
1053 219
1054 213
1055 220
1056 218
1057 222
1058 218
1059 222
1060 250
1061 282
1062 203
1063 333
1064 269
1065 491
1066 412
1067 385
1068 442
1069 230
1070 230
1071 222
1072 217
1073 252
1074 223
1075 290
1076 227
1077 226
1078 222
1079 223
1080 310
1081 295
1082 284
1083 280
1084 222
1085 278
1086 485
1087 316
1088 203
1089 272
1090 289
1091 255
1092 220
1093 399
1094 262
1095 282
1096 281
1097 246
1098 393
1099 257
1100 220
1101 211
1102 221
1103 223
1104 201
1105 219
1106 216
1107 213
1108 221
1109 210
1110 218
1111 215
1112 226
1113 222
1114 221
1115 221
1116 221
1117 222
1118 221
1119 223
1120 218
1121 217
1122 219
1123 221
1124 218
1125 217
1126 213
1127 221
1128 218
1129 220
1130 222
1131 220
1132 217
1133 259
1134 215
1135 221
1136 217
1137 227
1138 299
1139 279
1140 212
1141 222
1142 214
1143 221
1144 223
1145 212
1146 331
1147 218
1148 215
1149 218
1150 214
1151 219
1152 196
1153 224
1154 218
1155 223
1156 467
1157 534
1158 375
1159 298
1160 287
1161 223
1162 218
1163 212
1164 222
1165 224
1166 218
1167 215
1168 216
1169 221
1170 217
1171 220
1172 214
1173 312
1174 221
1175 221
1176 255
1177 310
1178 221
1179 211
1180 219
1181 195
1182 213
1183 216
1184 215
1185 257
1186 353
1187 252
1188 220
1189 211
1190 219
1191 442
1192 227
1193 217
1194 221
1195 223
1196 222
1197 223
1198 285
1199 275
1200 217
1201 218
1202 217
1203 217
1204 216
1205 217
1206 224
1207 222
1208 224
1209 210
1210 216
1211 218
1212 199
1213 223
1214 216
1215 217
1216 193
1217 219
1218 217
1219 220
1220 221
1221 222
1222 217
1223 221
1224 220
1225 217
1226 219
1227 221
1228 216
1229 216
1230 251
1231 219
1232 219
1233 215
1234 218
1235 222
1236 220
1237 214
1238 223
1239 217
1240 224
1241 216
1242 378
1243 292
1244 219
1245 262
1246 540
1247 356
1248 221
1249 220
1250 218
1251 219
1252 280
1253 271
1254 219
1255 228
1256 220
1257 218
1258 223
1259 221
1260 217
1261 219
1262 203
1263 220
1264 216
1265 211
1266 219
1267 221
1268 217
1269 218
1270 200
1271 223
1272 218
1273 223
1274 221
1275 220
1276 214
1277 220
1278 221
1279 360
1280 223
1281 215
1282 224
1283 212
1284 219
1285 223
1286 222
1287 221
1288 218
1289 216
1290 255
1291 218
1292 222
1293 221
1294 222
1295 214
1296 318
1297 308
1298 223
1299 218
1300 319
1301 234
1302 220
1303 197
1304 213
1305 272
1306 286
1307 281
1308 221
1309 212
1310 224
1311 217
1312 217
1313 217
1314 236
1315 221
1316 224
1317 231
1318 222
1319 227
1320 224
1321 226
1322 222
1323 205
1324 227
1325 219
1326 223
1327 221
1328 218
1329 218
1330 222
1331 233
1332 224
1333 227
1334 179
1335 224
1336 224
1337 222
1338 226
1339 229
1340 224
1341 227
1342 225
1343 221
1344 223
1345 218
1346 216
1347 221
1348 216
1349 222
1350 225
1351 227
1352 228
1353 220
1354 221
1355 222
1356 223
1357 240
1358 228
1359 229
1360 226
1361 222
1362 295
1363 284
1364 226
1365 221
1366 203
1367 226
1368 218
1369 331
1370 492
1371 225
1372 204
1373 217
1374 227
1375 223
1376 215
1377 224
1378 218
1379 223
1380 218
1381 218
1382 222
1383 225
1384 229
1385 228
1386 228
1387 223
1388 230
1389 207
1390 196
1391 223
1392 204
1393 225
1394 226
1395 225
1396 220
1397 227
1398 225
1399 224
1400 228
1401 225
1402 225
1403 205
1404 223
1405 229
1406 226
1407 231
1408 276
1409 227
1410 279
1411 227
1412 245
1413 227
1414 224
1415 220
1416 226
1417 229
1418 290
1419 262
1420 224
1421 226
1422 228
1423 227
1424 216
1425 224
1426 219
1427 225
1428 220
1429 221
1430 226
1431 231
1432 226
1433 203
1434 219
1435 205
1436 223
1437 227
1438 223
1439 225
1440 216
1441 224
1442 216
1443 217
1444 226
1445 223
1446 225
1447 226
1448 229
1449 221
1450 227
1451 218
1452 222
1453 228
1454 217
1455 224
1456 226
1457 223
1458 226
1459 215
1460 203
1461 222
1462 216
1463 226
1464 220
1465 219
1466 224
1467 222
1468 218
1469 224
1470 227
1471 227
1472 204
1473 218
1474 208
1475 355
1476 221
1477 225
1478 216
1479 219
1480 224
1481 218
1482 227
1483 228
1484 226
1485 218
1486 222
1487 260
1488 298
1489 225
1490 224
1491 219
1492 225
1493 220
1494 222
1495 221
1496 221
1497 223
1498 225
1499 232
1500 219
1501 224
1502 226
1503 227
1504 203
1505 220
1506 225
1507 225
1508 214
1509 228
1510 216
1511 220
1512 228
1513 217
1514 225
1515 226
1516 222
1517 221
1518 225
1519 225
1520 223
1521 224
1522 222
1523 223
1524 228
1525 221
1526 229
1527 225
1528 227
1529 223
1530 229
1531 289
1532 287
1533 227
1534 218
1535 226
1536 222
1537 214
1538 224
1539 226
1540 224
1541 219
1542 222
1543 221
1544 229
1545 226
1546 226
1547 224
1548 228
1549 225
1550 217
1551 224
1552 219
1553 220
1554 221
1555 222
1556 221
1557 226
1558 228
1559 198
1560 219
1561 223
1562 228
1563 217
1564 222
1565 223
1566 227
1567 223
1568 227
1569 224
1570 205
1571 226
1572 228
1573 220
1574 221
1575 223
1576 204
1577 228
1578 226
1579 222
1580 205
1581 223
1582 201
1583 256
1584 223
1585 221
1586 224
1587 223
1588 226
1589 313
1590 227
1591 226
1592 208
1593 220
1594 223
1595 230
1596 226
1597 226
1598 221
1599 227
1600 229
1601 219
1602 222
1603 216
1604 224
1605 220
1606 220
1607 222
1608 226
1609 226
1610 225
1611 221
1612 229
1613 209
1614 229
1615 224
1616 216
1617 220
1618 222
1619 218
1620 222
1621 205
1622 215
1623 234
1624 219
1625 228
1626 221
1627 224
1628 224
1629 224
1630 219
1631 221
1632 224
1633 223
1634 215
1635 223
1636 216
1637 227
1638 226
1639 225
1640 222
1641 215
1642 224
1643 216
1644 224
1645 206
1646 292
1647 262
1648 228
1649 227
1650 222
1651 229
1652 221
1653 221
1654 232
1655 214
1656 221
1657 221
1658 221
1659 219
1660 218
1661 198
1662 219
1663 221
1664 220
1665 213
1666 223
1667 217
1668 213
1669 216
1670 219
1671 216
1672 149
1673 229
1674 217
1675 219
1676 218
1677 221
1678 223
1679 212
1680 214
1681 221
1682 218
1683 218
1684 223
1685 212
1686 196
1687 219
1688 218
1689 211
1690 212
1691 214
1692 215
1693 220
1694 331
1695 224
1696 219
1697 213
1698 346
1699 294
1700 220
1701 216
1702 213
1703 224
1704 349
1705 220
1706 220
1707 215
1708 220
1709 221
1710 218
1711 226
1712 221
1713 222
1714 221
1715 220
1716 292
1717 392
1718 221
1719 220
1720 212
1721 217
1722 218
1723 218
1724 217
1725 220
1726 306
1727 215
1728 220
1729 220
1730 197
1731 217
1732 222
1733 222
1734 212
1735 197
1736 220
1737 217
1738 218
1739 214
1740 220
1741 223
1742 222
1743 214
1744 219
1745 221
1746 226
1747 215
1748 213
1749 260
1750 221
1751 218
1752 217
1753 214
1754 371
1755 212
1756 221
1757 220
1758 222
1759 272
1760 285
1761 215
1762 221
1763 225
1764 224
1765 223
1766 220
1767 218
1768 220
1769 220
1770 225
1771 217
1772 219
1773 217
1774 215
1775 219
1776 216
1777 217
1778 148
1779 219
1780 219
1781 216
1782 220
1783 215
1784 218
1785 215
1786 222
1787 219
1788 220
1789 220
1790 196
1791 226
1792 214
1793 218
1794 219
1795 218
1796 222
1797 218
1798 210
1799 222
1800 217
1801 221
1802 215
1803 224
1804 220
1805 224
1806 221
1807 234
1808 213
1809 223
1810 200
1811 246
1812 337
1813 221
1814 214
1815 218
1816 215
1817 280
1818 270
1819 218
1820 213
1821 215
1822 215
1823 224
1824 217
1825 200
1826 200
1827 222
1828 216
1829 211
1830 220
1831 220
1832 219
1833 225
1834 202
1835 221
1836 215
1837 215
1838 213
1839 214
1840 214
1841 223
1842 221
1843 214
1844 198
1845 223
1846 217
1847 218
1848 220
1849 220
1850 215
1851 213
1852 218
1853 214
1854 218
1855 218
1856 221
1857 218
1858 220
1859 216
1860 218
1861 221
1862 214
1863 211
1864 220
1865 319
1866 214
1867 214
1868 218
1869 290
1870 222
1871 216
1872 217
1873 211
1874 219
1875 288
1876 266
1877 212
1878 222
1879 212
1880 219
1881 213
1882 217
1883 219
1884 218
1885 222
1886 218
1887 225
1888 222
1889 217
1890 220
1891 220
1892 220
1893 224
1894 222
1895 215
1896 219
1897 218
1898 221
1899 203
1900 217
1901 219
1902 214
1903 218
1904 220
1905 218
1906 221
1907 220
1908 220
1909 218
1910 223
1911 222
1912 204
1913 222
1914 226
1915 213
1916 219
1917 209
1918 220
1919 223
1920 222
1921 223
1922 217
1923 237
1924 220
1925 218
1926 223
1927 308
1928 218
1929 211
1930 212
1931 214
1932 219
1933 274
1934 246
1935 217
1936 218
1937 221
1938 217
1939 215
1940 218
1941 220
1942 221
1943 221
1944 218
1945 219
1946 221
1947 217
1948 224
1949 220
1950 217
1951 220
1952 220
1953 217
1954 217
1955 222
1956 219
1957 218
1958 210
1959 214
1960 214
1961 219
1962 216
1963 198
1964 220
1965 217
1966 220
1967 219
1968 216
1969 217
1970 220
1971 220
1972 223
1973 218
1974 222
1975 216
1976 201
1977 219
1978 214
1979 223
1980 218
1981 348
1982 220
1983 271
1984 219
1985 395
1986 319
1987 220
1988 220
1989 232
1990 223
1991 316
1992 217
1993 292
1994 218
1995 338
1996 220
1997 217
1998 344
1999 215
2000 315
2001 225
2002 212
2003 220
2004 219
2005 249
2006 217
2007 219
2008 336
2009 213
2010 219
2011 222
2012 217
2013 221
2014 217
2015 218
2016 214
2017 211
2018 221
2019 215
2020 216
2021 215
2022 212
2023 218
2024 221
2025 233
2026 215
2027 213
2028 182
2029 251
2030 220
2031 216
2032 219
2033 220
2034 250
2035 216
2036 219
2037 220
2038 228
2039 215
2040 217
2041 222
2042 218
2043 220
2044 217
2045 216
2046 308
2047 220
2048 221
2049 221
2050 219
2051 219
2052 222
2053 216
2054 223
2055 199
2056 221
2057 222
2058 219
2059 221
2060 218
2061 217
2062 220
2063 265
2064 223
2065 217
2066 219
2067 218
2068 219
2069 216
2070 225
2071 223
2072 220
2073 224
2074 224
2075 223
2076 212
2077 220
2078 224
2079 200
2080 221
2081 220
2082 217
2083 219
2084 220
2085 219
2086 221
2087 216
2088 222
2089 222
2090 219
2091 219
2092 284
2093 219
2094 221
2095 212
2096 218
2097 220
2098 444
2099 222
2100 220
2101 223
2102 214
2103 222
2104 199
2105 217
2106 221
2107 223
2108 216
2109 223
2110 219
2111 221
2112 219
2113 220
2114 219
2115 219
2116 214
2117 217
2118 217
2119 329
2120 213
2121 212
2122 216
2123 218
2124 213
2125 283
2126 221
2127 221
2128 225
2129 221
2130 223
2131 225
2132 283
2133 211
2134 219
2135 211
2136 220
2137 220
2138 220
2139 222
2140 222
2141 186
2142 210
2143 222
2144 217
2145 221
2146 224
2147 222
2148 219
2149 323
2150 221
2151 220
2152 221
2153 219
2154 428
2155 198
2156 222
2157 181
2158 249
2159 220
2160 289
2161 216
2162 220
2163 215
2164 214
2165 219
2166 220
2167 286
2168 222
2169 218
2170 218
2171 213
2172 217
2173 205
2174 221
2175 211
2176 180
2177 201
2178 215
2179 219
2180 220
2181 219
2182 217
2183 215
2184 216
2185 219
2186 222
2187 227
2188 212
2189 214
2190 217
2191 201
2192 215
2193 224
2194 199
2195 221
2196 223
2197 221
2198 195
2199 222
2200 214
2201 219
2202 255
2203 212
2204 233
2205 215
2206 338
2207 223
2208 200
2209 221
2210 216
2211 399
2212 328
2213 213
2214 258
2215 217
2216 218
2217 282
2218 285
2219 221
2220 220
2221 220
2222 221
2223 233
2224 197
2225 220
2226 214
2227 220
2228 215
2229 221
2230 205
2231 220
2232 219
2233 217
2234 219
2235 219
2236 219
2237 223
2238 219
2239 220
2240 218
2241 199
2242 214
2243 333
2244 341
2245 219
2246 224
2247 220
2248 216
2249 215
2250 216
2251 224
2252 219
2253 219
2254 221
2255 218
2256 220
2257 219
2258 218
2259 223
2260 221
2261 300
2262 222
2263 217
2264 194
2265 220
2266 309
2267 229
2268 219
2269 222
2270 217
2271 228
2272 336
2273 218
2274 218
2275 219
2276 222
2277 222
2278 219
2279 210
2280 226
2281 218
2282 212
2283 217
2284 234
2285 221
2286 213
2287 210
2288 218
2289 222
2290 222
2291 225
2292 199
2293 221
2294 216
2295 216
2296 219
2297 212
2298 214
2299 214
2300 223
2301 216
2302 218
2303 218
2304 217
2305 220
2306 218
2307 223
2308 219
2309 219
2310 220
2311 218
2312 220
2313 219
2314 220
2315 222
2316 215
2317 218
2318 200
2319 298
2320 223
2321 216
2322 220
2323 299
2324 224
2325 222
2326 222
2327 217
2328 216
2329 345
2330 213
2331 215
2332 213
2333 221
2334 214
2335 204
2336 221
2337 219
2338 211
2339 199
2340 201
2341 218
2342 218
2343 220
2344 223
2345 213
2346 218
2347 220
2348 384
2349 267
2350 216
2351 223
2352 212
2353 217
2354 222
2355 216
2356 216
2357 198
2358 220
2359 216
2360 222
2361 216
2362 222
2363 220
2364 223
2365 223
2366 222
2367 209
2368 219
2369 216
2370 218
2371 215
2372 219
2373 218
2374 216
2375 211
2376 254
2377 216
2378 219
2379 221
2380 279
2381 397
2382 214
2383 223
2384 213
2385 218
2386 218
2387 282
2388 320
2389 221
2390 220
2391 214
2392 217
2393 222
2394 222
2395 218
2396 212
2397 201
2398 212
2399 218
2400 216
2401 217
2402 218
2403 221
2404 217
2405 223
2406 214
2407 215
2408 231
2409 221
2410 219
2411 216
2412 216
2413 223
2414 216
2415 221
2416 221
2417 223
2418 197
2419 216
2420 221
2421 212
2422 218
2423 209
2424 214
2425 307
2426 217
2427 220
2428 216
2429 219
2430 208
2431 198
2432 216
2433 262
2434 220
2435 219
2436 218
2437 242
2438 366
2439 221
2440 224
2441 216
2442 226
2443 286
2444 281
2445 149
2446 217
2447 219
2448 220
2449 214
2450 219
2451 222
2452 218
2453 221
2454 221
2455 225
2456 220
2457 223
2458 231
2459 218
2460 220
2461 258
2462 226
2463 212
2464 219
2465 210
2466 214
2467 213
2468 200
2469 211
2470 221
2471 217
2472 222
2473 219
2474 213
2475 215
2476 219
2477 213
2478 223
2479 218
2480 218
2481 214
2482 220
2483 218
2484 215
2485 215
2486 219
2487 217
2488 213
2489 216
2490 314
2491 222
2492 222
2493 218
2494 389
2495 217
2496 221
2497 216
2498 217
2499 222
2500 327
2501 225
2502 213
2503 198
2504 223
2505 216
2506 220
2507 224
2508 217
2509 212
2510 222
2511 212
2512 223
2513 199
2514 220
2515 210
2516 222
2517 213
2518 216
2519 209
2520 219
2521 217
2522 218
2523 222
2524 221
2525 216
2526 218
2527 215
2528 215
2529 198
2530 221
2531 220
2532 223
2533 221
2534 219
2535 217
2536 220
2537 219
2538 218
2539 219
2540 212
2541 210
2542 213
2543 199
2544 218
2545 216
2546 219
2547 278
2548 257
2549 218
2550 212
2551 225
2552 352
2553 218
2554 219
2555 216
2556 223
2557 277
2558 279
2559 219
2560 220
2561 219
2562 219
2563 218
2564 219
2565 221
2566 221
2567 219
2568 226
2569 219
2570 219
2571 221
2572 220
2573 224
2574 219
2575 216
2576 220
2577 219
2578 220
2579 213
2580 200
2581 218
2582 218
2583 220
2584 220
2585 290
2586 320
2587 213
2588 221
2589 217
2590 218
2591 217
2592 222
2593 220
2594 221
2595 222
2596 223
2597 220
2598 219
2599 220
2600 222
2601 223
2602 215
2603 216
2604 307
2605 217
2606 222
2607 213
2608 390
2609 219
2610 218
2611 227
2612 216
2613 209
2614 375
2615 220
2616 212
2617 214
2618 221
2619 198
2620 212
2621 223
2622 161
2623 223
2624 217
2625 212
2626 215
2627 222
2628 220
2629 221
2630 214
2631 221
2632 222
2633 214
2634 218
2635 212
2636 220
2637 222
2638 217
2639 202
2640 216
2641 223
2642 216
2643 217
2644 220
2645 219
2646 216
2647 220
2648 212
2649 216
2650 219
2651 220
2652 218
2653 223
2654 217
2655 213
2656 219
2657 246
2658 222
2659 221
2660 197
2661 326
2662 213
2663 217
2664 223
2665 307
2666 269
2667 220
2668 219
2669 220
2670 131
2671 240
2672 282
2673 221
2674 216
2675 300
2676 215
2677 247
2678 197
2679 213
2680 219
2681 219
2682 261
2683 373
2684 219
2685 217
2686 219
2687 222
2688 339
2689 312
2690 216
2691 216
2692 203
2693 204
2694 221
2695 218
2696 218
2697 222
2698 219
2699 212
2700 220
2701 213
2702 213
2703 210
2704 218
2705 220
2706 220
2707 226
2708 215
2709 222
2710 222
2711 211
2712 217
2713 219
2714 218
2715 221
2716 221
2717 337
2718 218
2719 219
2720 213
2721 359
2722 193
2723 219
2724 216
2725 220
2726 217
2727 283
2728 251
2729 218
2730 214
2731 220
2732 218
2733 214
2734 223
2735 227
2736 214
2737 217
2738 219
2739 217
2740 221
2741 219
2742 219
2743 217
2744 215
2745 287
2746 218
2747 212
2748 221
2749 208
2750 221
2751 217
2752 218
2753 214
2754 222
2755 210
2756 221
2757 220
2758 217
2759 220
2760 208
2761 219
2762 221
2763 216
2764 221
2765 213
2766 224
2767 218
2768 219
2769 210
2770 224
2771 217
2772 220
2773 221
2774 335
2775 223
2776 219
2777 217
2778 358
2779 346
2780 219
2781 256
2782 220
2783 221
2784 302
2785 278
2786 221
2787 218
2788 220
2789 219
2790 223
2791 220
2792 214
2793 209
2794 222
2795 216
2796 222
2797 221
2798 215
2799 220
2800 220
2801 211
2802 221
2803 221
2804 218
2805 216
2806 222
2807 215
2808 217
2809 221
2810 219
2811 218
2812 199
2813 221
2814 216
2815 220
2816 222
2817 221
2818 222
2819 219
2820 217
2821 216
2822 223
2823 215
2824 219
2825 220
2826 213
2827 219
2828 215
2829 201
2830 315
2831 221
2832 219
2833 212
2834 247
2835 309
2836 218
2837 212
2838 221
2839 213
2840 283
2841 275
2842 221
2843 222
2844 254
2845 221
2846 211
2847 224
2848 222
2849 219
2850 219
2851 222
2852 215
2853 221
2854 213
2855 212
2856 220
2857 214
2858 248
2859 213
2860 217
2861 217
2862 221
2863 219
2864 213
2865 215
2866 217
2867 223
2868 221
2869 220
2870 222
2871 222
2872 200
2873 211
2874 218
2875 219
2876 223
2877 219
2878 220
2879 220
2880 217
2881 224
2882 219
2883 271
2884 217
2885 223
2886 221
2887 307
2888 221
2889 223
2890 221
2891 340
2892 239
2893 218
2894 221
2895 218
2896 221
2897 368
2898 248
2899 213
2900 215
2901 218
2902 221
2903 218
2904 219
2905 220
2906 199
2907 219
2908 218
2909 194
2910 220
2911 221
2912 214
2913 220
2914 218
2915 222
2916 215
2917 222
2918 223
2919 216
2920 220
2921 218
2922 225
2923 216
2924 219
2925 221
2926 213
2927 219
2928 222
2929 218
2930 216
2931 199
2932 201
2933 218
2934 223
2935 219
2936 200
2937 218
2938 216
2939 215
2940 213
2941 222
2942 224
2943 217
2944 255
2945 213
2946 223
2947 222
2948 221
2949 330
2950 224
2951 211
2952 215
2953 222
2954 263
2955 284
2956 216
2957 219
2958 219
2959 222
2960 220
2961 219
2962 219
2963 222
2964 221
2965 221
2966 219
2967 217
2968 222
2969 220
2970 217
2971 221
2972 217
2973 215
2974 217
2975 220
2976 220
2977 215
2978 214
2979 223
2980 220
2981 219
2982 214
2983 219
2984 147
2985 213
2986 214
2987 221
2988 221
2989 222
2990 213
2991 214
2992 215
2993 222
2994 218
2995 218
2996 216
2997 215
2998 221
2999 224
3000 221
3001 218
3002 240
3003 221
3004 216
3005 214
3006 224
3007 317
3008 214
3009 213
3010 223
3011 218
3012 282
3013 282
3014 217
3015 217
3016 221
3017 214
3018 218
3019 215
3020 216
3021 211
3022 223
3023 212
3024 218
3025 217
3026 210
3027 223
3028 221
3029 223
3030 219
3031 210
3032 221
3033 213
3034 220
3035 224
3036 202
3037 219
3038 221
3039 212
3040 216
3041 216
3042 222
3043 216
3044 230
3045 216
3046 214
3047 216
3048 214
3049 214
3050 220
3051 197
3052 215
3053 219
3054 216
3055 219
3056 218
3057 214
3058 216
3059 222
3060 253
3061 212
3062 218
3063 213
3064 221
3065 326
3066 216
3067 215
3068 212
3069 222
3070 252
3071 298
3072 220
3073 237
3074 219
3075 220
3076 217
3077 220
3078 222
3079 216
3080 224
3081 216
3082 220
3083 220
3084 217
3085 221
3086 220
3087 216
3088 212
3089 221
3090 216
3091 213
3092 217
3093 214
3094 218
3095 217
3096 222
3097 223
3098 212
3099 216
3100 214
3101 222
3102 212
3103 221
3104 217
3105 223
3106 219
3107 221
3108 218
3109 221
3110 222
3111 218
3112 220
3113 218
3114 220
3115 214
3116 219
3117 217
3118 295
3119 224
3120 226
3121 216
3122 289
3123 221
3124 218
3125 226
3126 224
3127 211
3128 315
3129 254
3130 219
3131 220
3132 221
3133 221
3134 232
3135 213
3136 223
3137 219
3138 219
3139 222
3140 219
3141 221
3142 218
3143 217
3144 220
3145 222
3146 211
3147 216
3148 219
3149 221
3150 217
3151 222
3152 224
3153 214
3154 219
3155 214
3156 215
3157 217
3158 220
3159 215
3160 198
3161 220
3162 213
3163 220
3164 200
3165 197
3166 210
3167 222
3168 224
3169 216
3170 213
3171 220
3172 219
3173 220
3174 214
3175 243
3176 322
3177 218
3178 219
3179 251
3180 402
3181 222
3182 224
3183 220
3184 217
3185 214
3186 328
3187 219
3188 221
3189 194
3190 218
3191 217
3192 213
3193 214
3194 217
3195 212
3196 217
3197 224
3198 223
3199 220
3200 219
3201 219
3202 220
3203 220
3204 219
3205 222
3206 222
3207 218
3208 220
3209 222
3210 201
3211 222
3212 222
3213 221
3214 220
3215 217
3216 221
3217 223
3218 198
3219 216
3220 218
3221 217
3222 220
3223 220
3224 216
3225 224
3226 215
3227 216
3228 215
3229 221
3230 215
3231 215
3232 252
3233 246
3234 223
3235 218
3236 213
3237 327
3238 218
3239 219
3240 216
3241 273
3242 287
3243 279
3244 219
3245 217
3246 220
3247 217
3248 225
3249 219
3250 214
3251 226
3252 219
3253 218
3254 221
3255 217
3256 219
3257 218
3258 217
3259 220
3260 214
3261 218
3262 223
3263 216
3264 222
3265 214
3266 219
3267 219
3268 221
3269 221
3270 220
3271 220
3272 223
3273 216
3274 221
3275 214
3276 216
3277 219
3278 217
3279 222
3280 316
3281 225
3282 222
3283 220
3284 221
3285 222
3286 223
3287 220
3288 221
3289 334
3290 215
3291 218
3292 220
3293 363
3294 220
3295 215
3296 223
3297 220
3298 218
3299 327
3300 237
3301 215
3302 216
3303 148
3304 221
3305 212
3306 224
3307 216
3308 224
3309 222
3310 216
3311 221
3312 223
3313 224
3314 203
3315 218
3316 202
3317 243
3318 222
3319 210
3320 218
3321 215
3322 225
3323 219
3324 218
3325 221
3326 223
3327 220
3328 223
3329 218
3330 219
3331 228
3332 202
3333 204
3334 204
3335 216
3336 221
3337 223
3338 220
3339 220
3340 210
3341 222
3342 271
3343 221
3344 215
3345 218
3346 315
3347 270
3348 212
3349 226
3350 347
3351 233
3352 222
3353 214
3354 221
3355 225
3356 301
3357 281
3358 221
3359 217
3360 216
3361 217
3362 212
3363 225
3364 225
3365 213
3366 205
3367 219
3368 358
3369 450
3370 220
3371 208
3372 248
3373 186
3374 216
3375 214
3376 230
3377 292
3378 208
3379 218
3380 209
3381 216
3382 215
3383 209
3384 213
3385 215
3386 215
3387 215
3388 211
3389 220
3390 214
3391 213
3392 217
3393 225
3394 207
3395 219
3396 209
3397 218
3398 218
3399 211
3400 214
3401 267
3402 272
3403 247
3404 208
3405 271
3406 442
3407 195
3408 208
3409 206
3410 225
3411 232
3412 384
3413 217
3414 213
3415 217
3416 209
3417 220
3418 214
3419 216
3420 214
3421 212
3422 211
3423 212
3424 195
3425 208
3426 213
3427 215
3428 219
3429 553
3430 211
3431 218
3432 218
3433 189
3434 209
3435 206
3436 215
3437 249
3438 215
3439 281
3440 214
3441 211
3442 215
3443 216
3444 212
3445 211
3446 214
3447 214
3448 245
3449 222
3450 196
3451 219
3452 209
3453 217
3454 213
3455 212
3456 212
3457 344
3458 277
3459 213
3460 229
3461 444
3462 342
3463 211
3464 264
3465 312
3466 287
3467 413
3468 319
3469 215
3470 211
3471 208
3472 238
3473 218
3474 204
3475 216
3476 268
3477 213
3478 212
3479 215
3480 217
3481 245
3482 211
3483 215
3484 217
3485 213
3486 215
3487 218
3488 214
3489 212
3490 214
3491 209
3492 213
3493 211
3494 214
3495 212
3496 217
3497 218
3498 218
3499 207
3500 209
3501 210
3502 211
3503 219
3504 217
3505 214
3506 215
3507 208
3508 218
3509 214
3510 217
3511 329
3512 216
3513 217
3514 288
3515 315
3516 308
3517 275
3518 213
3519 216
3520 206
3521 207
3522 236
3523 271
3524 206
3525 212
3526 217
3527 217
3528 207
3529 213
3530 213
3531 211
3532 216
3533 218
3534 213
3535 213
3536 213
3537 193
3538 209
3539 217
3540 212
3541 217
3542 217
3543 217
3544 209
3545 216
3546 158
3547 210
3548 209
3549 216
3550 209
3551 209
3552 206
3553 178
3554 217
3555 213
3556 217
3557 217
3558 216
3559 208
3560 219
3561 215
3562 218
3563 217
3564 214
3565 247
3566 216
3567 214
3568 210
3569 382
3570 262
3571 207
3572 217
3573 357
3574 209
3575 213
3576 206
3577 210
3578 196
3579 274
3580 275
3581 214
3582 220
3583 229
3584 218
3585 218
3586 206
3587 210
3588 197
3589 216
3590 215
3591 208
3592 220
3593 217
3594 212
3595 211
3596 213
3597 224
3598 216
3599 220
3600 215
3601 219
3602 210
3603 211
3604 222
3605 217
3606 215
3607 215
3608 217
3609 215
3610 213
3611 211
3612 216
3613 211
3614 216
3615 208
3616 221
3617 214
3618 210
3619 219
3620 191
3621 217
3622 216
3623 209
3624 213
3625 212
3626 215
3627 328
3628 245
3629 212
3630 216
3631 429
3632 328
3633 210
3634 271
3635 213
3636 214
3637 279
3638 265
3639 210
3640 216
3641 215
3642 211
3643 217
3644 214
3645 216
3646 213
3647 218
3648 218
3649 218
3650 210
3651 206
3652 214
3653 206
3654 242
3655 211
3656 214
3657 216
3658 217
3659 212
3660 212
3661 205
3662 218
3663 211
3664 210
3665 215
3666 212
3667 208
3668 246
3669 210
3670 214
3671 214
3672 211
3673 219
3674 216
3675 219
3676 192
3677 213
3678 214
3679 209
3680 216
3681 213
3682 213
3683 216
3684 313
3685 272
3686 216
3687 199
3688 291
3689 244
3690 219
3691 213
3692 215
3693 217
3694 273
3695 282
3696 206
3697 214
3698 217
3699 212
3700 210
3701 213
3702 210
3703 226
3704 214
3705 219
3706 218
3707 290
3708 259
3709 213
3710 218
3711 220
3712 239
3713 221
3714 216
3715 200
3716 221
3717 314
3718 217
3719 335
3720 219
3721 223
3722 224
3723 348
3724 248
3725 432
3726 214
3727 218
3728 224
3729 215
3730 219
3731 212
3732 223
3733 212
3734 218
3735 229
3736 214
3737 216
3738 252
3739 251
3740 217
3741 214
3742 224
3743 224
3744 358
3745 224
3746 221
3747 219
3748 222
3749 215
3750 326
3751 220
3752 224
3753 223
3754 222
3755 216
3756 222
3757 215
3758 216
3759 222
3760 220
3761 223
3762 218
3763 218
3764 219
3765 221
3766 219
3767 233
3768 219
3769 201
3770 304
3771 319
3772 210
3773 223
3774 220
3775 358
3776 216
3777 220
3778 356
3779 213
3780 213
3781 220
3782 223
3783 183
3784 220
3785 212
3786 221
3787 213
3788 215
3789 211
3790 219
3791 215
3792 219
3793 219
3794 220
3795 213
3796 216
3797 218
3798 214
3799 216
3800 286
3801 216
3802 218
3803 313
3804 221
3805 213
3806 223
3807 219
3808 281
3809 284
3810 219
3811 220
3812 211
3813 217
3814 216
3815 223
3816 216
3817 214
3818 218
3819 223
3820 220
3821 221
3822 197
3823 225
3824 219
3825 214
3826 217
3827 219
3828 224
3829 219
3830 219
3831 214
3832 222
3833 216
3834 219
3835 225
3836 222
3837 220
3838 221
3839 221
3840 217
3841 211
3842 216
3843 218
3844 218
3845 215
3846 219
3847 219
3848 219
3849 213
3850 223
3851 258
3852 224
3853 214
3854 220
3855 217
3856 340
3857 221
3858 223
3859 221
3860 220
3861 216
3862 217
3863 326
3864 219
3865 221
3866 222
3867 218
3868 215
3869 223
3870 220
3871 225
3872 220
3873 225
3874 222
3875 222
3876 218
3877 221
3878 220
3879 216
3880 223
3881 216
3882 224
3883 222
3884 218
3885 219
3886 217
3887 222
3888 219
3889 220
3890 215
3891 219
3892 220
3893 223
3894 218
3895 223
3896 218
3897 217
3898 224
3899 219
3900 224
3901 222
3902 216
3903 213
3904 216
3905 222
3906 218
3907 217
3908 216
3909 260
3910 221
3911 220
3912 224
3913 315
3914 223
3915 221
3916 223
3917 222
3918 216
3919 216
3920 313
3921 255
3922 223
3923 220
3924 231
3925 221
3926 221
3927 220
3928 173
3929 214
3930 215
3931 214
3932 219
3933 221
3934 217
3935 221
3936 218
3937 218
3938 216
3939 217
3940 224
3941 213
3942 221
3943 199
3944 219
3945 222
3946 217
3947 219
3948 220
3949 219
3950 197
3951 219
3952 217
3953 200
3954 225
3955 221
3956 222
3957 225
3958 196
3959 217
3960 221
3961 216
3962 220
3963 212
3964 215
3965 220
3966 218
3967 259
3968 218
3969 222
3970 198
3971 344
3972 348
3973 214
3974 219
3975 215
3976 222
3977 222
3978 247
3979 298
3980 220
3981 214
3982 202
3983 217
3984 222
3985 211
3986 198
3987 222
3988 215
3989 222
3990 218
3991 217
3992 219
3993 211
3994 256
3995 211
3996 224
3997 222
3998 219
3999 223
4000 215
4001 213
4002 212
4003 198
4004 217
4005 222
4006 224
4007 223
4008 218
4009 223
4010 219
4011 215
4012 220
4013 222
4014 274
4015 232
4016 215
4017 219
4018 219
4019 218
4020 218
4021 214
4022 218
4023 254
4024 222
4025 218
4026 195
4027 219
4028 353
4029 219
4030 219
4031 200
4032 269
4033 220
4034 205
4035 408
4036 249
4037 215
4038 219
4039 218
4040 218
4041 217
4042 217
4043 222
4044 218
4045 220
4046 217
4047 222
4048 222
4049 216
4050 220
4051 221
4052 215
4053 222
4054 220
4055 221
4056 200
4057 218
4058 218
4059 221
4060 218
4061 217
4062 210
4063 220
4064 220
4065 220
4066 221
4067 216
4068 221
4069 219
4070 198
4071 221
4072 215
4073 211
4074 213
4075 224
4076 220
4077 217
4078 206
4079 222
4080 218
4081 319
4082 212
4083 214
4084 215
4085 344
4086 221
4087 222
4088 217
4089 217
4090 200
4091 222
4092 330
4093 217
4094 218
4095 217
4096 214
4097 219
4098 217
4099 214
4100 210
4101 257
4102 218
4103 217
4104 220
4105 201
4106 223
4107 216
4108 222
4109 235
4110 220
4111 219
4112 220
4113 215
4114 218
4115 214
4116 217
4117 217
4118 216
4119 220
4120 223
4121 220
4122 220
4123 214
4124 217
4125 212
4126 222
4127 218
4128 213
4129 216
4130 215
4131 214
4132 219
4133 218
4134 223
4135 217
4136 199
4137 221
4138 294
4139 250
4140 218
4141 215
4142 239
4143 286
4144 216
4145 212
4146 221
4147 218
4148 214
4149 283
4150 276
4151 218
4152 216
4153 218
4154 213
4155 213
4156 220
4157 217
4158 218
4159 218
4160 218
4161 217
4162 220
4163 215
4164 217
4165 212
4166 235
4167 216
4168 221
4169 215
4170 221
4171 222
4172 217
4173 214
4174 221
4175 213
4176 223
4177 210
4178 217
4179 221
4180 215
4181 222
4182 216
4183 224
4184 214
4185 216
4186 218
4187 222
4188 212
4189 218
4190 212
4191 220
4192 216
4193 214
4194 210
4195 214
4196 317
4197 222
4198 213
4199 219
4200 381
4201 219
4202 218
4203 214
4204 221
4205 222
4206 221
4207 333
4208 217
4209 218
4210 220
4211 223
4212 218
4213 216
4214 270
4215 262
4216 362
4217 223
4218 212
4219 222
4220 221
4221 217
4222 223
4223 224
4224 219
4225 215
4226 217
4227 219
4228 223
4229 220
4230 219
4231 215
4232 221
4233 215
4234 215
4235 216
4236 215
4237 216
4238 217
4239 218
4240 222
4241 219
4242 220
4243 220
4244 191
4245 223
4246 219
4247 252
4248 217
4249 210
4250 223
4251 253
4252 256
4253 219
4254 219
4255 224
4256 325
4257 225
4258 217
4259 224
4260 218
4261 220
4262 281
4263 285
4264 224
4265 212
4266 222
4267 214
4268 216
4269 220
4270 220
4271 225
4272 219
4273 217
4274 217
4275 211
4276 217
4277 214
4278 219
4279 217
4280 221
4281 211
4282 213
4283 224
4284 214
4285 209
4286 222
4287 218
4288 224
4289 324
4290 231
4291 245
4292 368
4293 224
4294 246
4295 361
4296 271
4297 199
4298 216
4299 221
4300 226
4301 230
4302 221
4303 240
4304 220
4305 214
4306 312
4307 219
4308 217
4309 223
4310 220
4311 219
4312 334
4313 276
4314 216
4315 216
4316 223
4317 222
4318 223
4319 218
4320 218
4321 219
4322 229
4323 221
4324 324
4325 420
4326 322
4327 219
4328 218
4329 216
4330 226
4331 221
4332 261
4333 217
4334 220
4335 213
4336 211
4337 223
4338 221
4339 222
4340 193
4341 220
4342 220
4343 217
4344 223
4345 220
4346 213
4347 218
4348 219
4349 328
4350 257
4351 212
4352 215
4353 213
4354 218
4355 215
4356 224
4357 227
4358 205
4359 200
4360 222
4361 332
4362 220
4363 212
4364 311
4365 296
4366 224
4367 216
4368 258
4369 421
4370 255
4371 275
4372 235
4373 215
4374 199
4375 201
4376 201
4377 216
4378 435
4379 276
4380 219
4381 220
4382 225
4383 225
4384 223
4385 222
4386 218
4387 219
4388 224
4389 214
4390 217
4391 220
4392 212
4393 218
4394 214
4395 219
4396 222
4397 225
4398 222
4399 222
4400 216
4401 220
4402 222
4403 223
4404 218
4405 223
4406 219
4407 217
4408 221
4409 221
4410 219
4411 280
4412 322
4413 277
4414 255
4415 272
4416 220
4417 220
4418 222
4419 325
4420 350
4421 314
4422 218
4423 223
4424 215
4425 217
4426 293
4427 223
4428 222
4429 214
4430 219
4431 217
4432 279
4433 233
4434 213
4435 219
4436 220
4437 221
4438 277
4439 211
4440 217
4441 232
4442 223
4443 217
4444 219
4445 224
4446 212
4447 213
4448 215
4449 220
4450 211
4451 226
4452 329
4453 433
4454 338
4455 219
4456 223
4457 215
4458 221
4459 212
4460 279
4461 221
4462 215
4463 232
4464 453
4465 225
4466 217
4467 342
4468 262
4469 223
4470 226
4471 264
4472 220
4473 251
4474 249
4475 326
4476 296
4477 515
4478 249
4479 220
4480 222
4481 222
4482 218
4483 324
4484 344
4485 220
4486 223
4487 220
4488 212
4489 216
4490 222
4491 211
4492 213
4493 221
4494 217
4495 222
4496 220
4497 213
4498 218
4499 219
4500 221
4501 205
4502 212
4503 217
4504 220
4505 218
4506 216
4507 220
4508 215
4509 217
4510 218
4511 218
4512 220
4513 218
4514 221
4515 217
4516 220
4517 215
4518 221
4519 221
4520 195
4521 261
4522 223
4523 229
4524 223
4525 213
4526 320
4527 224
4528 220
4529 220
4530 220
4531 217
4532 286
4533 275
4534 219
4535 217
4536 217
4537 221
4538 216
4539 218
4540 217
4541 221
4542 211
4543 211
4544 221
4545 226
4546 222
4547 218
4548 216
4549 211
4550 220
4551 200
4552 215
4553 199
4554 223
4555 216
4556 218
4557 220
4558 218
4559 215
4560 219
4561 214
4562 130
4563 219
4564 214
4565 219
4566 219
4567 213
4568 218
4569 217
4570 213
4571 216
4572 217
4573 217
4574 215
4575 221
4576 220
4577 213
4578 218
4579 340
4580 218
4581 211
4582 220
4583 196
4584 314
4585 215
4586 224
4587 162
4588 217
4589 221
4590 216
4591 287
4592 288
4593 218
4594 220
4595 198
4596 201
4597 217
4598 218
4599 219
4600 222
4601 200
4602 224
4603 218
4604 216
4605 219
4606 216
4607 216
4608 216
4609 223
4610 220
4611 216
4612 217
4613 199
4614 217
4615 215
4616 213
4617 217
4618 249
4619 212
4620 217
4621 215
4622 221
4623 221
4624 224
4625 223
4626 220
4627 217
4628 221
4629 221
4630 218
4631 220
4632 162
4633 220
4634 223
4635 216
4636 218
4637 385
4638 245
4639 222
4640 220
4641 275
4642 413
4643 218
4644 224
4645 216
4646 214
4647 213
4648 270
4649 503
4650 454
4651 291
4652 219
4653 219
4654 215
4655 219
4656 221
4657 257
4658 218
4659 215
4660 222
4661 199
4662 220
4663 218
4664 218
4665 214
4666 218
4667 225
4668 220
4669 220
4670 220
4671 194
4672 220
4673 216
4674 216
4675 221
4676 219
4677 219
4678 216
4679 224
4680 212
4681 218
4682 226
4683 209
4684 222
4685 224
4686 220
4687 391
4688 219
4689 218
4690 262
4691 223
4692 219
4693 219
4694 223
4695 247
4696 515
4697 358
4698 233
4699 212
4700 204
4701 201
4702 215
4703 258
4704 209
4705 218
4706 218
4707 218
4708 230
4709 231
4710 225
4711 224
4712 227
4713 222
4714 225
4715 228
4716 224
4717 305
4718 258
4719 210
4720 224
4721 226
4722 219
4723 220
4724 220
4725 221
4726 225
4727 223
4728 225
4729 221
4730 226
4731 221
4732 221
4733 219
4734 223
4735 223
4736 226
4737 221
4738 226
4739 226
4740 223
4741 226
4742 222
4743 221
4744 216
4745 295
4746 219
4747 261
4748 227
4749 226
4750 216
4751 270
4752 336
4753 225
4754 222
4755 215
4756 223
4757 225
4758 220
4759 338
4760 226
4761 223
4762 223
4763 223
4764 221
4765 225
4766 225
4767 228
4768 226
4769 222
4770 225
4771 227
4772 224
4773 257
4774 225
4775 216
4776 226
4777 220
4778 226
4779 226
4780 225
4781 218
4782 379
4783 290
4784 223
4785 228
4786 226
4787 226
4788 221
4789 255
4790 229
4791 223
4792 226
4793 221
4794 224
4795 218
4796 227
4797 223
4798 221
4799 225
4800 298
4801 253
4802 225
4803 226
4804 294
4805 412
4806 221
4807 220
4808 229
4809 223
4810 220
4811 286
4812 302
4813 222
4814 221
4815 203
4816 220
4817 226
4818 217
4819 228
4820 224
4821 224
4822 226
4823 225
4824 226
4825 225
4826 250
4827 223
4828 226
4829 225
4830 217
4831 222
4832 225
4833 223
4834 223
4835 224
4836 201
4837 220
4838 221
4839 230
4840 222
4841 225
4842 225
4843 222
4844 222
4845 225
4846 226
4847 218
4848 224
4849 217
4850 223
4851 207
4852 221
4853 228
4854 221
4855 201
4856 225
4857 217
4858 226
4859 226
4860 279
4861 224
4862 228
4863 208
4864 220
4865 217
4866 228
4867 284
4868 288
4869 226
4870 225
4871 215
4872 220
4873 228
4874 218
4875 224
4876 221
4877 223
4878 219
4879 221
4880 224
4881 225
4882 226
4883 224
4884 231
4885 224
4886 227
4887 220
4888 223
4889 222
4890 226
4891 227
4892 226
4893 225
4894 223
4895 219
4896 226
4897 226
4898 223
4899 219
4900 224
4901 222
4902 228
4903 202
4904 221
4905 224
4906 221
4907 220
4908 223
4909 231
4910 225
4911 223
4912 218
4913 217
4914 221
4915 227
4916 219
4917 352
4918 225
4919 226
4920 223
4921 222
4922 217
4923 205
4924 333
4925 225
4926 218
4927 204
4928 227
4929 200
4930 225
4931 226
4932 225
4933 219
4934 225
4935 225
4936 228
4937 220
4938 225
4939 224
4940 226
4941 239
4942 221
4943 227
4944 221
4945 227
4946 224
4947 223
4948 226
4949 223
4950 223
4951 216
4952 279
4953 360
4954 357
4955 219
4956 226
4957 225
4958 229
4959 226
4960 223
4961 226
4962 220
4963 225
4964 227
4965 224
4966 223
4967 374
4968 254
4969 218
4970 226
4971 278
4972 427
4973 216
4974 207
4975 204
4976 227
4977 222
4978 218
4979 287
4980 280
4981 221
4982 223
4983 230
4984 227
4985 229
4986 216
4987 201
4988 228
4989 231
4990 225
4991 223
4992 216
4993 226
4994 223
4995 219
4996 226
4997 223
4998 240
4999 221
5000 225
5001 222
5002 226
5003 225
5004 207
5005 219
5006 221
5007 222
5008 218
5009 259
5010 223
5011 226
5012 226
5013 217
5014 225
5015 229
5016 227
5017 234
5018 228
5019 227
5020 218
5021 228
5022 326
5023 230
5024 228
5025 227
5026 297
5027 248
5028 227
5029 215
5030 226
5031 227
5032 223
5033 282
5034 283
5035 223
5036 218
5037 225
5038 219
5039 226
5040 224
5041 227
5042 223
5043 219
5044 223
5045 221
5046 226
5047 204
5048 219
5049 220
5050 214
5051 225
5052 225
5053 202
5054 224
5055 228
5056 221
5057 222
5058 222
5059 143
5060 227
5061 221
5062 222
5063 225
5064 219
5065 229
5066 220
5067 223
5068 223
5069 227
5070 225
5071 229
5072 227
5073 225
5074 215
5075 220
5076 215
5077 221
5078 221
5079 222
5080 254
5081 218
5082 215
5083 307
5084 222
5085 230
5086 225
5087 229
5088 222
5089 222
5090 291
5091 291
5092 222
5093 224
5094 225
5095 223
5096 219
5097 222
5098 217
5099 218
5100 227
5101 226
5102 223
5103 223
5104 220
5105 218
5106 221
5107 226
5108 224
5109 223
5110 217
5111 225
5112 226
5113 224
5114 205
5115 227
5116 223
5117 214
5118 216
5119 223
5120 226
5121 205
5122 225
5123 204
5124 225
5125 223
5126 229
5127 218
5128 225
5129 225
5130 217
5131 224
5132 225
5133 220
5134 222
5135 302
5136 221
5137 227
5138 224
5139 220
5140 313
5141 218
5142 219
5143 223
5144 217
5145 219
5146 223
5147 353
5148 223
5149 225
5150 222
5151 222
5152 222
5153 228
5154 222
5155 226
5156 217
5157 225
5158 229
5159 223
5160 229
5161 221
5162 218
5163 224
5164 221
5165 230
5166 224
5167 225
5168 226
5169 223
5170 217
5171 224
5172 224
5173 214
5174 215
5175 222
5176 222
5177 222
5178 220
5179 224
5180 228
5181 225
5182 227
5183 229
5184 218
5185 221
5186 222
5187 228
5188 226
5189 223
5190 223
5191 221
5192 221
5193 217
5194 225
5195 226
5196 289
5197 318
5198 227
5199 223
5200 222
5201 229
5202 226
5203 225
5204 283
5205 277
5206 219
5207 220
5208 207
5209 226
5210 227
5211 229
5212 221
5213 220
5214 221
5215 219
5216 221
5217 221
5218 224
5219 226
5220 204
5221 230
5222 209
5223 202
5224 206
5225 228
5226 226
5227 222
5228 222
5229 227
5230 219
5231 220
5232 226
5233 231
5234 224
5235 208
5236 228
5237 220
5238 200
5239 224
5240 224
5241 228
5242 226
5243 222
5244 219
5245 226
5246 225
5247 222
5248 262
5249 223
5250 227
5251 231
5252 225
5253 290
5254 224
5255 226
5256 224
5257 224
5258 226
5259 222
5260 323
5261 255
5262 225
5263 216
5264 224
5265 216
5266 223
5267 224
5268 226
5269 219
5270 221
5271 223
5272 223
5273 219
5274 225
5275 222
5276 223
5277 218
5278 229
5279 223
5280 222
5281 220
5282 223
5283 225
5284 224
5285 222
5286 222
5287 217
5288 225
5289 229
5290 224
5291 205
5292 220
5293 227
5294 219
5295 218
5296 230
5297 232
5298 225
5299 221
5300 225
5301 225
5302 227
5303 227
5304 227
5305 257
5306 227
5307 225
5308 225
5309 250
5310 313
5311 223
5312 227
5313 254
5314 230
5315 224
5316 261
5317 282
5318 226
5319 225
5320 226
5321 229
5322 229
5323 228
5324 275
5325 252
5326 279
5327 220
5328 329
5329 294
5330 261
5331 258
5332 226
5333 222
5334 222
5335 220
5336 219
5337 217
5338 206
5339 224
5340 221
5341 219
5342 225
5343 219
5344 217
5345 219
5346 223
5347 220
5348 220
5349 217
5350 216
5351 220
5352 224
5353 217
5354 233
5355 230
5356 225
5357 226
5358 227
5359 218
5360 224
5361 227
5362 222
5363 218
5364 202
5365 323
5366 224
5367 216
5368 223
5369 225
5370 227
5371 386
5372 548
5373 307
5374 223
5375 215
5376 234
5377 219
5378 217
5379 213
5380 279
5381 201
5382 194
5383 220
5384 220
5385 256
5386 212
5387 202
5388 221
5389 274
5390 248
5391 220
5392 218
5393 217
5394 222
5395 217
5396 222
5397 201
5398 212
5399 212
5400 211
5401 221
5402 211
5403 220
5404 221
5405 200
5406 226
5407 222
5408 221
5409 218
5410 219
5411 212
5412 219
5413 210
5414 220
5415 346
5416 218
5417 218
5418 221
5419 329
5420 284
5421 223
5422 219
5423 200
5424 216
5425 222
5426 301
5427 287
5428 213
5429 214
5430 197
5431 221
5432 220
5433 216
5434 222
5435 218
5436 224
5437 202
5438 220
5439 223
5440 212
5441 222
5442 278
5443 220
5444 220
5445 222
5446 216
5447 220
5448 212
5449 217
5450 214
5451 220
5452 178
5453 220
5454 222
5455 219
5456 286
5457 387
5458 209
5459 232
5460 217
5461 212
5462 222
5463 219
5464 201
5465 223
5466 198
5467 219
5468 218
5469 221
5470 222
5471 340
5472 274
5473 220
5474 210
5475 312
5476 518
5477 217
5478 258
5479 223
5480 219
5481 215
5482 214
5483 280
5484 282
5485 223
5486 218
5487 215
5488 219
5489 218
5490 216
5491 220
5492 279
5493 218
5494 216
5495 220
5496 222
5497 215
5498 219
5499 211
5500 221
5501 221
5502 220
5503 219
5504 214
5505 219
5506 219
5507 218
5508 215
5509 218
5510 215
5511 222
5512 210
5513 222
5514 219
5515 217
5516 220
5517 219
5518 226
5519 223
5520 213
5521 201
5522 213
5523 217
5524 218
5525 214
5526 337
5527 270
5528 221
5529 223
5530 311
5531 463
5532 289
5533 573
5534 233
5535 251
5536 216
5537 224
5538 331
5539 223
5540 204
5541 216
5542 199
5543 219
5544 223
5545 333
5546 343
5547 217
5548 212
5549 218
5550 218
5551 220
5552 221
5553 212
5554 216
5555 217
5556 218
5557 217
5558 217
5559 220
5560 221
5561 217
5562 218
5563 225
5564 221
5565 220
5566 219
5567 214
5568 216
5569 216
5570 217
5571 219
5572 221
5573 215
5574 216
5575 216
5576 210
5577 214
5578 218
5579 264
5580 213
5581 219
5582 200
5583 219
5584 326
5585 236
5586 218
5587 222
5588 218
5589 218
5590 215
5591 298
5592 347
5593 279
5594 217
5595 220
5596 259
5597 223
5598 220
5599 216
5600 224
5601 219
5602 221
5603 336
5604 268
5605 251
5606 216
5607 212
5608 219
5609 215
5610 289
5611 293
5612 200
5613 216
5614 223
5615 218
5616 217
5617 220
5618 223
5619 218
5620 227
5621 213
5622 219
5623 221
5624 221
5625 219
5626 216
5627 301
5628 219
5629 217
5630 223
5631 220
5632 218
5633 215
5634 256
5635 215
5636 221
5637 220
5638 223
5639 312
5640 221
5641 219
5642 212
5643 212
5644 220
5645 247
5646 303
5647 221
5648 219
5649 217
5650 220
5651 283
5652 220
5653 221
5654 216
5655 220
5656 223
5657 216
5658 224
5659 215
5660 224
5661 251
5662 214
5663 218
5664 217
5665 217
5666 217
5667 219
5668 217
5669 281
5670 249
5671 212
5672 222
5673 219
5674 254
5675 217
5676 224
5677 220
5678 213
5679 218
5680 220
5681 220
5682 219
5683 214
5684 216
5685 246
5686 272
5687 220
5688 213
5689 221
5690 299
5691 267
5692 217
5693 221
5694 247
5695 270
5696 218
5697 217
5698 221
5699 271
5700 375
5701 291
5702 280
5703 249
5704 245
5705 221
5706 330
5707 287
5708 228
5709 220
5710 223
5711 295
5712 263
5713 328
5714 309
5715 226
5716 228
5717 225
5718 225
5719 216
5720 227
5721 226
5722 253
5723 223
5724 255
5725 231
5726 226
5727 223
5728 222
5729 223
5730 223
5731 219
5732 225
5733 224
5734 229
5735 221
5736 226
5737 229
5738 229
5739 227
5740 221
5741 229
5742 263
5743 223
5744 216
5745 219
5746 222
5747 205
5748 226
5749 219
5750 228
5751 222
5752 225
5753 222
5754 215
5755 291
5756 221
5757 226
5758 219
5759 229
5760 221
5761 226
5762 204
5763 225
5764 219
5765 225
5766 226
5767 226
5768 228
5769 222
5770 226
5771 220
5772 225
5773 226
5774 227
5775 227
5776 206
5777 214
5778 228
5779 222
5780 268
5781 223
5782 223
5783 223
5784 228
5785 221
5786 225
5787 222
5788 217
5789 225
5790 203
5791 229
5792 225
5793 219
5794 224
5795 252
5796 226
5797 217
5798 230
5799 286
5800 264
5801 225
5802 226
5803 228
5804 330
5805 246
5806 232
5807 221
5808 221
5809 221
5810 223
5811 321
5812 226
5813 223
5814 222
5815 219
5816 227
5817 223
5818 223
5819 226
5820 224
5821 220
5822 201
5823 221
5824 220
5825 223
5826 218
5827 218
5828 227
5829 221
5830 224
5831 223
5832 222
5833 203
5834 219
5835 224
5836 226
5837 215
5838 227
5839 221
5840 215
5841 219
5842 199
5843 225
5844 225
5845 222
5846 224
5847 221
5848 225
5849 219
5850 222
5851 226
5852 225
5853 224
5854 215
5855 202
5856 282
5857 259
5858 224
5859 219
5860 267
5861 265
5862 220
5863 220
5864 224
5865 223
5866 226
5867 294
5868 276
5869 224
5870 218
5871 224
5872 226
5873 220
5874 223
5875 225
5876 227
5877 226
5878 385
5879 389
5880 221
5881 225
5882 271
5883 228
5884 228
5885 216
5886 227
5887 228
5888 204
5889 224
5890 225
5891 225
5892 217
5893 223
5894 225
5895 220
5896 224
5897 227
5898 226
5899 226
5900 225
5901 225
5902 222
5903 226
5904 218
5905 228
5906 226
5907 225
5908 221
5909 216
5910 259
5911 232
5912 224
5913 228
5914 227
5915 409
5916 231
5917 225
5918 205
5919 221
5920 220
5921 219
5922 283
5923 234
5924 226
5925 228
5926 225
5927 221
5928 220
5929 229
5930 229
5931 218
5932 223
5933 226
5934 225
5935 225
5936 218
5937 224
5938 227
5939 224
5940 227
5941 215
5942 222
5943 226
5944 220
5945 227
5946 224
5947 224
5948 220
5949 201
5950 219
5951 225
5952 225
5953 217
5954 227
5955 220
5956 219
5957 221
5958 220
5959 224
5960 225
5961 204
5962 231
5963 218
5964 228
5965 206
5966 224
5967 224
5968 220
5969 222
5970 218
5971 224
5972 338
5973 217
5974 225
5975 225
5976 217
5977 220
5978 228
5979 352
5980 226
5981 219
5982 226
5983 225
5984 219
5985 225
5986 219
5987 231
5988 222
5989 252
5990 299
5991 224
5992 201
5993 221
5994 224
5995 224
5996 222
5997 225
5998 226
5999 223
6000 224
6001 221
6002 223
6003 224
6004 224
6005 223
6006 223
6007 227
6008 219
6009 226
6010 227
6011 224
6012 216
6013 215
6014 226
6015 230
6016 218
6017 219
6018 226
6019 207
6020 227
6021 228
6022 230
6023 354
6024 253
6025 225
6026 227
6027 322
6028 237
6029 224
6030 217
6031 224
6032 216
6033 202
6034 288
6035 276
6036 232
6037 223
6038 224
6039 222
6040 226
6041 210
6042 215
6043 212
6044 224
6045 415
6046 304
6047 224
6048 217
6049 248
6050 210
6051 218
6052 213
6053 221
6054 256
6055 223
6056 217
6057 217
6058 214
6059 212
6060 214
6061 219
6062 220
6063 213
6064 218
6065 222
6066 218
6067 217
6068 218
6069 216
6070 217
6071 218
6072 210
6073 220
6074 210
6075 194
6076 222
6077 221
6078 288
6079 237
6080 219
6081 215
6082 220
6083 327
6084 284
6085 201
6086 220
6087 206
6088 214
6089 222
6090 293
6091 279
6092 216
6093 219
6094 210
6095 220
6096 216
6097 218
6098 221
6099 221
6100 215
6101 212
6102 218
6103 226
6104 209
6105 216
6106 220
6107 219
6108 213
6109 218
6110 222
6111 222
6112 218
6113 211
6114 217
6115 223
6116 221
6117 224
6118 240
6119 343
6120 213
6121 218
6122 219
6123 221
6124 216
6125 223
6126 223
6127 218
6128 271
6129 215
6130 216
6131 219
6132 218
6133 222
6134 223
6135 325
6136 213
6137 222
6138 222
6139 330
6140 217
6141 197
6142 224
6143 194
6144 219
6145 220
6146 275
6147 277
6148 224
6149 220
6150 223
6151 227
6152 220
6153 223
6154 222
6155 221
6156 220
6157 219
6158 217
6159 218
6160 221
6161 216
6162 244
6163 216
6164 224
6165 221
6166 215
6167 223
6168 220
6169 216
6170 219
6171 219
6172 213
6173 222
6174 230
6175 221
6176 221
6177 222
6178 199
6179 219
6180 203
6181 218
6182 217
6183 210
6184 211
6185 195
6186 198
6187 211
6188 198
6189 220
6190 203
6191 222
6192 328
6193 216
6194 223
6195 220
6196 220
6197 466
6198 218
6199 216
6200 252
6201 218
6202 219
6203 211
6204 352
6205 224
6206 200
6207 217
6208 211
6209 216
6210 218
6211 216
6212 211
6213 215
6214 220
6215 217
6216 218
6217 216
6218 222
6219 223
6220 164
6221 222
6222 218
6223 215
6224 217
6225 198
6226 216
6227 225
6228 214
6229 217
6230 214
6231 222
6232 211
6233 217
6234 222
6235 219
6236 218
6237 222
6238 221
6239 218
6240 220
6241 219
6242 218
6243 215
6244 210
6245 291
6246 219
6247 182
6248 219
6249 293
6250 219
6251 218
6252 218
6253 212
6254 310
6255 220
6256 218
6257 197
6258 214
6259 213
6260 203
6261 394
6262 237
6263 218
6264 220
6265 215
6266 213
6267 218
6268 219
6269 221
6270 222
6271 223
6272 212
6273 216
6274 209
6275 220
6276 213
6277 226
6278 220
6279 213
6280 216
6281 214
6282 214
6283 215
6284 224
6285 221
6286 216
6287 221
6288 194
6289 220
6290 220
6291 161
6292 221
6293 223
6294 222
6295 218
6296 224
6297 221
6298 215
6299 219
6300 214
6301 221
6302 219
6303 214
6304 218
6305 219
6306 222
6307 264
6308 253
6309 218
6310 214
6311 221
6312 358
6313 219
6314 217
6315 224
6316 221
6317 218
6318 218
6319 313
6320 215
6321 217
6322 215
6323 218
6324 210
6325 209
6326 216
6327 200
6328 218
6329 291
6330 213
6331 255
6332 219
6333 222
6334 208
6335 219
6336 221
6337 219
6338 220
6339 220
6340 217
6341 219
6342 213
6343 236
6344 219
6345 220
6346 224
6347 211
6348 214
6349 219
6350 221
6351 216
6352 215
6353 216
6354 217
6355 199
6356 221
6357 217
6358 213
6359 223
6360 222
6361 214
6362 212
6363 216
6364 275
6365 224
6366 216
6367 211
6368 258
6369 330
6370 197
6371 221
6372 226
6373 221
6374 218
6375 212
6376 314
6377 236
6378 215
6379 221
6380 220
6381 221
6382 218
6383 221
6384 218
6385 215
6386 219
6387 218
6388 220
6389 221
6390 221
6391 221
6392 254
6393 221
6394 217
6395 218
6396 219
6397 222
6398 225
6399 224
6400 221
6401 212
6402 209
6403 202
6404 218
6405 221
6406 221
6407 212
6408 212
6409 214
6410 222
6411 206
6412 216
6413 222
6414 217
6415 220
6416 220
6417 223
6418 215
6419 222
6420 217
6421 290
6422 213
6423 222
6424 222
6425 231
6426 353
6427 212
6428 223
6429 215
6430 252
6431 217
6432 210
6433 287
6434 282
6435 223
6436 222
6437 220
6438 222
6439 219
6440 218
6441 226
6442 213
6443 219
6444 219
6445 211
6446 214
6447 217
6448 216
6449 220
6450 227
6451 215
6452 220
6453 219
6454 211
6455 220
6456 217
6457 215
6458 223
6459 217
6460 222
6461 220
6462 219
6463 223
6464 215
6465 219
6466 221
6467 222
6468 226
6469 212
6470 214
6471 220
6472 221
6473 221
6474 256
6475 215
6476 222
6477 219
6478 257
6479 218
6480 217
6481 217
6482 211
6483 311
6484 364
6485 214
6486 213
6487 217
6488 212
6489 217
6490 259
6491 287
6492 216
6493 217
6494 220
6495 213
6496 220
6497 223
6498 267
6499 341
6500 224
6501 218
6502 216
6503 219
6504 224
6505 238
6506 215
6507 221
6508 218
6509 210
6510 218
6511 213
6512 211
6513 215
6514 222
6515 221
6516 219
6517 224
6518 222
6519 219
6520 223
6521 221
6522 220
6523 223
6524 225
6525 213
6526 219
6527 216
6528 221
6529 224
6530 219
6531 214
6532 216
6533 223
6534 277
6535 270
6536 215
6537 221
6538 216
6539 359
6540 212
6541 218
6542 199
6543 215
6544 216
6545 220
6546 301
6547 281
6548 218
6549 215
6550 211
6551 217
6552 219
6553 220
6554 197
6555 222
6556 217
6557 218
6558 224
6559 218
6560 220
6561 221
6562 223
6563 217
6564 223
6565 214
6566 224
6567 222
6568 211
6569 218
6570 222
6571 216
6572 214
6573 217
6574 219
6575 220
6576 224
6577 222
6578 220
6579 219
6580 220
6581 214
6582 218
6583 218
6584 220
6585 218
6586 224
6587 216
6588 221
6589 227
6590 219
6591 245
6592 302
6593 218
6594 223
6595 226
6596 293
6597 217
6598 217
6599 212
6600 200
6601 218
6602 218
6603 285
6604 285
6605 225
6606 223
6607 222
6608 220
6609 217
6610 218
6611 218
6612 217
6613 217
6614 201
6615 210
6616 220
6617 219
6618 216
6619 217
6620 218
6621 220
6622 218
6623 200
6624 218
6625 218
6626 210
6627 218
6628 223
6629 219
6630 355
6631 275
6632 221
6633 219
6634 215
6635 220
6636 225
6637 224
6638 224
6639 211
6640 221
6641 217
6642 219
6643 221
6644 214
6645 212
6646 217
6647 217
6648 341
6649 217
6650 219
6651 212
6652 222
6653 330
6654 200
6655 214
6656 219
6657 215
6658 216
6659 220
6660 282
6661 299
6662 221
6663 221
6664 219
6665 216
6666 227
6667 222
6668 211
6669 226
6670 199
6671 216
6672 220
6673 222
6674 224
6675 205
6676 251
6677 217
6678 219
6679 221
6680 217
6681 217
6682 222
6683 218
6684 233
6685 221
6686 219
6687 223
6688 222
6689 219
6690 219
6691 221
6692 219
6693 218
6694 214
6695 217
6696 217
6697 217
6698 219
6699 209
6700 220
6701 252
6702 211
6703 218
6704 219
6705 317
6706 220
6707 261
6708 220
6709 222
6710 303
6711 212
6712 215
6713 214
6714 215
6715 216
6716 214
6717 286
6718 250
6719 221
6720 220
6721 218
6722 216
6723 213
6724 199
6725 222
6726 210
6727 215
6728 217
6729 216
6730 223
6731 212
6732 220
6733 222
6734 215
6735 214
6736 216
6737 217
6738 215
6739 221
6740 212
6741 222
6742 198
6743 219
6744 223
6745 213
6746 219
6747 224
6748 222
6749 217
6750 213
6751 220
6752 214
6753 212
6754 220
6755 223
6756 221
6757 214
6758 218
6759 217
6760 224
6761 218
6762 224
6763 298
6764 215
6765 215
6766 216
6767 270
6768 287
6769 222
6770 219
6771 220
6772 217
6773 219
6774 282
6775 284
6776 212
6777 222
6778 219
6779 222
6780 221
6781 221
6782 211
6783 221
6784 210
6785 217
6786 211
6787 221
6788 218
6789 219
6790 222
6791 255
6792 223
6793 218
6794 218
6795 222
6796 219
6797 210
6798 220
6799 218
6800 219
6801 221
6802 217
6803 218
6804 213
6805 224
6806 217
6807 217
6808 218
6809 217
6810 203
6811 199
6812 217
6813 230
6814 226
6815 222
6816 215
6817 219
6818 352
6819 392
6820 252
6821 224
6822 242
6823 262
6824 273
6825 212
6826 216
6827 220
6828 218
6829 223
6830 282
6831 282
6832 179
6833 226
6834 199
6835 229
6836 214
6837 213
6838 220
6839 215
6840 220
6841 219
6842 220
6843 217
6844 221
6845 220
6846 212
6847 218
6848 220
6849 218
6850 222
6851 222
6852 222
6853 218
6854 219
6855 384
6856 212
6857 222
6858 216
6859 219
6860 218
6861 218
6862 215
6863 200
6864 218
6865 217
6866 226
6867 216
6868 218
6869 121
6870 224
6871 225
6872 220
6873 218
6874 217
6875 215
6876 311
6877 221
6878 217
6879 215
6880 220
6881 340
6882 213
6883 216
6884 219
6885 213
6886 215
6887 213
6888 313
6889 214
6890 219
6891 220
6892 224
6893 220
6894 216
6895 217
6896 217
6897 211
6898 221
6899 223
6900 201
6901 223
6902 198
6903 221
6904 221
6905 216
6906 221
6907 214
6908 220
6909 220
6910 219
6911 216
6912 220
6913 219
6914 217
6915 211
6916 218
6917 215
6918 217
6919 218
6920 216
6921 217
6922 213
6923 220
6924 221
6925 220
6926 221
6927 198
6928 222
6929 253
6930 220
6931 220
6932 211
6933 218
6934 306
6935 251
6936 220
6937 215
6938 281
6939 231
6940 215
6941 221
6942 219
6943 258
6944 215
6945 288
6946 290
6947 218
6948 217
6949 220
6950 216
6951 221
6952 198
6953 223
6954 214
6955 219
6956 217
6957 223
6958 200
6959 220
6960 221
6961 223
6962 201
6963 223
6964 220
6965 215
6966 218
6967 222
6968 214
6969 200
6970 221
6971 344
6972 286
6973 248
6974 220
6975 214
6976 218
6977 222
6978 213
6979 224
6980 221
6981 221
6982 214
6983 221
6984 202
6985 218
6986 218
6987 215
6988 220
6989 220
6990 309
6991 221
6992 212
6993 214
6994 221
6995 433
6996 218
6997 211
6998 259
6999 217
7000 218
7001 217
7002 298
7003 301
7004 218
7005 220
7006 217
7007 212
7008 212
7009 215
7010 213
7011 212
7012 197
7013 219
7014 220
7015 221
7016 214
7017 222
7018 212
7019 213
7020 222
7021 222
7022 219
7023 210
7024 248
7025 220
7026 225
7027 219
7028 216
7029 220
7030 217
7031 218
7032 221
7033 213
7034 218
7035 219
7036 213
7037 220
7038 218
7039 229
7040 220
7041 216
7042 215
7043 221
7044 221
7045 221
7046 223
7047 323
7048 253
7049 216
7050 220
7051 375
7052 215
7053 215
7054 222
7055 212
7056 220
7057 197
7058 220
7059 253
7060 282
7061 215
7062 215
7063 216
7064 218
7065 219
7066 217
7067 216
7068 217
7069 244
7070 216
7071 219
7072 222
7073 219
7074 251
7075 322
7076 269
7077 215
7078 212
7079 218
7080 253
7081 218
7082 311
7083 220
7084 211
7085 423
7086 214
7087 433
7088 244
7089 220
7090 217
7091 214
7092 221
7093 219
7094 222
7095 225
7096 224
7097 216
7098 215
7099 212
7100 296
7101 225
7102 218
7103 215
7104 212
7105 211
7106 329
7107 223
7108 216
7109 219
7110 222
7111 218
7112 201
7113 292
7114 291
7115 214
7116 218
7117 221
7118 213
7119 219
7120 218
7121 217
7122 220
7123 216
7124 218
7125 211
7126 225
7127 221
7128 277
7129 260
7130 220
7131 209
7132 312
7133 343
7134 219
7135 217
7136 317
7137 235
7138 212
7139 325
7140 222
7141 221
7142 219
7143 217
7144 214
7145 220
7146 219
7147 264
7148 218
7149 195
7150 213
7151 222
7152 227
7153 199
7154 216
7155 302
7156 237
7157 216
7158 221
7159 222
7160 223
7161 234
7162 306
7163 287
7164 217
7165 212
7166 216
7167 222
7168 218
7169 223
7170 266
7171 265
7172 217
7173 216
7174 219
7175 222
7176 224
7177 213
7178 218
7179 221
7180 212
7181 218
7182 222
7183 250
7184 205
7185 219
7186 213
7187 218
7188 221
7189 224
7190 216
7191 220
7192 223
7193 225
7194 220
7195 214
7196 216
7197 222
7198 220
7199 213
7200 211
7201 217
7202 220
7203 215
7204 218
7205 223
7206 211
7207 215
7208 220
7209 224
7210 217
7211 247
7212 341
7213 217
7214 223
7215 218
7216 212
7217 221
7218 417
7219 215
7220 220
7221 221
7222 223
7223 216
7224 281
7225 280
7226 219
7227 221
7228 213
7229 216
7230 222
7231 223
7232 214
7233 222
7234 221
7235 224
7236 216
7237 220
7238 223
7239 214
7240 219
7241 217
7242 218
7243 212
7244 214
7245 222
7246 218
7247 212
7248 216
7249 223
7250 220
7251 217
7252 209
7253 214
7254 214
7255 217
7256 211
7257 222
7258 224
7259 219
7260 226
7261 221
7262 212
7263 218
7264 221
7265 221
7266 219
7267 219
7268 215
7269 295
7270 218
7271 225
7272 212
7273 222
7274 381
7275 220
7276 218
7277 149
7278 216
7279 221
7280 213
7281 217
7282 355
7283 213
7284 215
7285 219
7286 211
7287 219
7288 219
7289 219
7290 219
7291 213
7292 221
7293 217
7294 219
7295 215
7296 222
7297 219
7298 213
7299 224
7300 212
7301 199
7302 222
7303 213
7304 200
7305 218
7306 213
7307 217
7308 212
7309 219
7310 223
7311 222
7312 215
7313 218
7314 218
7315 216
7316 199
7317 219
7318 220
7319 222
7320 213
7321 219
7322 223
7323 222
7324 216
7325 212
7326 219
7327 263
7328 215
7329 216
7330 219
7331 221
7332 435
7333 273
7334 221
7335 220
7336 219
7337 225
7338 219
7339 285
7340 287
7341 217
7342 211
7343 211
7344 223
7345 213
7346 211
7347 222
7348 218
7349 219
7350 213
7351 219
7352 219
7353 217
7354 217
7355 218
7356 217
7357 216
7358 215
7359 200
7360 220
7361 219
7362 218
7363 216
7364 224
7365 218
7366 216
7367 225
7368 218
7369 218
7370 215
7371 217
7372 222
7373 215
7374 218
7375 220
7376 432
7377 221
7378 224
7379 214
7380 214
7381 222
7382 213
7383 292
7384 219
7385 213
7386 219
7387 219
7388 389
7389 212
7390 211
7391 219
7392 221
7393 217
7394 221
7395 217
7396 281
7397 253
7398 198
7399 220
7400 219
7401 238
7402 227
7403 218
7404 226
7405 223
7406 217
7407 224
7408 225
7409 217
7410 208
7411 225
7412 223
7413 222
7414 226
7415 207
7416 224
7417 227
7418 219
7419 219
7420 218
7421 214
7422 223
7423 223
7424 226
7425 217
7426 218
7427 206
7428 222
7429 225
7430 225
7431 224
7432 226
7433 224
7434 222
7435 218
7436 222
7437 223
7438 225
7439 221
7440 227
7441 216
7442 220
7443 224
7444 226
7445 227
7446 198
7447 218
7448 225
7449 224
7450 226
7451 216
7452 228
7453 345
7454 204
7455 229
7456 218
7457 224
7458 224
7459 229
7460 218
7461 225
7462 217
7463 226
7464 222
7465 217
7466 223
7467 221
7468 223
7469 225
7470 224
7471 226
7472 217
7473 216
7474 220
7475 224
7476 221
7477 224
7478 225
7479 203
7480 219
7481 223
7482 218
7483 225
7484 218
7485 216
7486 222
7487 223
7488 223
7489 226
7490 225
7491 142
7492 225
7493 227
7494 225
7495 224
7496 228
7497 227
7498 226
7499 224
7500 217
7501 221
7502 225
7503 265
7504 221
7505 227
7506 223
7507 220
7508 226
7509 218
7510 286
7511 282
7512 226
7513 220
7514 221
7515 226
7516 220
7517 224
7518 217
7519 227
7520 228
7521 213
7522 223
7523 227
7524 219
7525 214
7526 217
7527 224
7528 221
7529 228
7530 226
7531 220
7532 219
7533 227
7534 219
7535 209
7536 217
7537 227
7538 227
7539 222
7540 216
7541 224
7542 223
7543 224
7544 226
7545 190
7546 223
7547 225
7548 222
7549 219
7550 232
7551 226
7552 204
7553 220
7554 219
7555 218
7556 218
7557 224
7558 221
7559 242
7560 292
7561 227
7562 225
7563 226
7564 221
7565 200
7566 225
7567 286
7568 250
7569 228
7570 223
7571 216
7572 227
7573 222
7574 223
7575 223
7576 226
7577 223
7578 221
7579 224
7580 223
7581 225
7582 227
7583 226
7584 229
7585 227
7586 218
7587 221
7588 223
7589 226
7590 223
7591 232
7592 228
7593 218
7594 228
7595 219
7596 219
7597 222
7598 230
7599 219
7600 215
7601 225
7602 224
7603 222
7604 223
7605 227
7606 221
7607 226
7608 217
7609 221
7610 226
7611 226
7612 223
7613 223
7614 225
7615 227
7616 256
7617 227
7618 224
7619 227
7620 219
7621 221
7622 214
7623 222
7624 345
7625 219
7626 221
7627 220
7628 223
7629 221
7630 397
7631 291
7632 223
7633 223
7634 223
7635 220
7636 219
7637 217
7638 225
7639 223
7640 224
7641 230
7642 227
7643 226
7644 217
7645 227
7646 218
7647 221
7648 321
7649 226
7650 228
7651 223
7652 223
7653 216
7654 216
7655 239
7656 264
7657 229
7658 222
7659 219
7660 224
7661 228
7662 226
7663 230
7664 220
7665 223
7666 225
7667 221
7668 227
7669 228
7670 225
7671 244
7672 263
7673 225
7674 220
7675 217
7676 219
7677 226
7678 281
7679 284
7680 222
7681 223
7682 221
7683 227
7684 218
7685 219
7686 220
7687 214
7688 226
7689 219
7690 226
7691 203
7692 223
7693 221
7694 227
7695 225
7696 226
7697 227
7698 204
7699 217
7700 218
7701 227
7702 224
7703 223
7704 217
7705 230
7706 223
7707 230
7708 221
7709 221
7710 214
7711 228
7712 225
7713 228
7714 231
7715 224
7716 219
7717 224
7718 227
7719 222
7720 206
7721 220
7722 228
7723 263
7724 240
7725 223
7726 224
7727 228
7728 338
7729 222
7730 223
7731 230
7732 214
7733 226
7734 224
7735 283
7736 287
7737 218
7738 203
7739 226
7740 222
7741 225
7742 224
7743 218
7744 212
7745 227
7746 360
7747 268
7748 223
7749 221
7750 222
7751 220
7752 219
7753 219
7754 223
7755 222
7756 222
7757 219
7758 219
7759 221
7760 215
7761 210
7762 221
7763 214
7764 221
7765 227
7766 215
7767 216
7768 225
7769 218
7770 223
7771 197
7772 200
7773 218
7774 217
7775 221
7776 226
7777 221
7778 217
7779 290
7780 257
7781 217
7782 225
7783 220
7784 385
7785 214
7786 219
7787 203
7788 225
7789 220
7790 219
7791 218
7792 364
7793 219
7794 217
7795 230
7796 215
7797 219
7798 220
7799 213
7800 216
7801 221
7802 199
7803 219
7804 217
7805 215
7806 218
7807 244
7808 222
7809 219
7810 220
7811 209
7812 217
7813 220
7814 213
7815 211
7816 218
7817 324
7818 218
7819 302
7820 387
7821 339
7822 522
7823 386
7824 355
7825 281
7826 220
7827 217
7828 218
7829 209
7830 221
7831 283
7832 266
7833 256
7834 217
7835 217
7836 338
7837 224
7838 223
7839 221
7840 220
7841 244
7842 217
7843 221
7844 343
7845 228
7846 224
7847 220
7848 198
7849 218
7850 217
7851 222
7852 216
7853 226
7854 221
7855 219
7856 221
7857 222
7858 224
7859 222
7860 220
7861 223
7862 250
7863 222
7864 217
7865 221
7866 194
7867 214
7868 217
7869 215
7870 220
7871 212
7872 214
7873 222
7874 212
7875 220
7876 228
7877 223
7878 215
7879 196
7880 217
7881 214
7882 215
7883 223
7884 219
7885 219
7886 210
7887 220
7888 323
7889 215
7890 215
7891 222
7892 219
7893 328
7894 202
7895 123
7896 219
7897 211
7898 213
7899 212
7900 214
7901 289
7902 272
7903 214
7904 216
7905 220
7906 223
7907 194
7908 213
7909 221
7910 216
7911 201
7912 212
7913 220
7914 220
7915 220
7916 217
7917 223
7918 221
7919 216
7920 217
7921 213
7922 219
7923 218
7924 219
7925 223
7926 198
7927 220
7928 221
7929 213
7930 213
7931 223
7932 220
7933 223
7934 217
7935 218
7936 219
7937 221
7938 220
7939 216
7940 213
7941 223
7942 217
7943 213
7944 218
7945 217
7946 205
7947 291
7948 275
7949 221
7950 224
7951 344
7952 222
7953 219
7954 195
7955 223
7956 215
7957 221
7958 222
7959 264
7960 283
7961 219
7962 219
7963 216
7964 219
7965 216
7966 221
7967 219
7968 219
7969 219
7970 222
7971 213
7972 219
7973 217
7974 216
7975 216
7976 220
7977 217
7978 223
7979 216
7980 216
7981 219
7982 215
7983 221
7984 220
7985 221
7986 215
7987 220
7988 218
7989 211
7990 249
7991 215
7992 218
7993 220
7994 203
7995 212
7996 218
7997 253
7998 220
7999 231
8000 220
8001 214
8002 212
8003 254
8004 276
8005 217
8006 220
8007 220
8008 327
8009 223
8010 218
8011 219
8012 221
8013 280
8014 278
8015 223
8016 218
8017 216
8018 216
8019 222
8020 222
8021 222
8022 402
8023 218
8024 216
8025 225
8026 217
8027 213
8028 217
8029 224
8030 222
8031 218
8032 218
8033 222
8034 214
8035 211
8036 222
8037 220
8038 223
8039 213
8040 220
8041 220
8042 227
8043 211
8044 214
8045 221
8046 219
8047 222
8048 210
8049 219
8050 221
8051 218
8052 222
8053 214
8054 253
8055 221
8056 219
8057 221
8058 219
8059 222
8060 249
8061 337
8062 248
8063 217
8064 258
8065 219
8066 218
8067 215
8068 216
8069 257
8070 288
8071 282
8072 222
8073 216
8074 222
8075 213
8076 224
8077 221
8078 215
8079 215
8080 225
8081 223
8082 392
8083 334
8084 227
8085 223
8086 223
8087 227
8088 224
8089 228
8090 222
8091 221
8092 231
8093 225
8094 222
8095 219
8096 226
8097 230
8098 229
8099 224
8100 219
8101 221
8102 223
8103 224
8104 226
8105 226
8106 223
8107 224
8108 223
8109 222
8110 222
8111 224
8112 229
8113 221
8114 225
8115 229
8116 220
8117 222
8118 208
8119 264
8120 224
8121 225
8122 200
8123 227
8124 220
8125 288
8126 292
8127 222
8128 227
8129 209
8130 225
8131 223
8132 226
8133 226
8134 202
8135 228
8136 221
8137 221
8138 223
8139 218
8140 222
8141 219
8142 218
8143 223
8144 217
8145 225
8146 224
8147 223
8148 221
8149 242
8150 220
8151 224
8152 223
8153 293
8154 224
8155 226
8156 227
8157 190
8158 206
8159 230
8160 217
8161 223
8162 227
8163 222
8164 224
8165 228
8166 227
8167 221
8168 226
8169 221
8170 222
8171 226
8172 226
8173 232
8174 312
8175 203
8176 315
8177 218
8178 223
8179 220
8180 225
8181 221
8182 353
8183 206
8184 226
8185 223
8186 227
8187 222
8188 223
8189 226
8190 223
8191 224
8192 217
8193 227
8194 221
8195 225
8196 224
8197 227
8198 231
8199 221
8200 220
8201 220
8202 247
8203 222
8204 229
8205 225
8206 216
8207 221
8208 223
8209 222
8210 225
8211 228
8212 226
8213 223
8214 223
8215 224
8216 227
8217 224
8218 222
8219 223
8220 222
8221 219
8222 221
8223 222
8224 227
8225 229
8226 224
8227 223
8228 223
8229 228
8230 217
8231 221
8232 261
8233 227
8234 225
8235 226
8236 214
8237 221
8238 291
8239 262
8240 223
8241 216
8242 222
8243 226
8244 222
8245 223
8246 221
8247 227
8248 227
8249 220
8250 226
8251 221
8252 224
8253 224
8254 223
8255 221
8256 220
8257 226
8258 223
8259 232
8260 227
8261 196
8262 221
8263 221
8264 227
8265 216
8266 216
8267 219
8268 217
8269 227
8270 227
8271 223
8272 200
8273 198
8274 219
8275 206
8276 222
8277 226
8278 226
8279 224
8280 226
8281 218
8282 225
8283 226
8284 229
8285 224
8286 217
8287 220
8288 223
8289 218
8290 285
8291 223
8292 220
8293 224
8294 227
8295 284
8296 286
8297 217
8298 216
8299 227
8300 226
8301 219
8302 217
8303 216
8304 224
8305 222
8306 225
8307 227
8308 224
8309 227
8310 218
8311 220
8312 221
8313 203
8314 220
8315 224
8316 225
8317 215
8318 225
8319 227
8320 226
8321 221
8322 226
8323 222
8324 223
8325 220
8326 225
8327 223
8328 224
8329 222
8330 225
8331 227
8332 217
8333 224
8334 224
8335 224
8336 228
8337 223
8338 225
8339 223
8340 220
8341 207
8342 223
8343 216
8344 218
8345 202
8346 226
8347 265
8348 224
8349 224
8350 220
8351 219
8352 286
8353 285
8354 225
8355 223
8356 225
8357 221
8358 223
8359 228
8360 225
8361 219
8362 220
8363 218
8364 227
8365 219
8366 204
8367 227
8368 227
8369 227
8370 224
8371 218
8372 217
8373 203
8374 225
8375 219
8376 219
8377 225
8378 218
8379 225
8380 225
8381 228
8382 224
8383 227
8384 226
8385 222
8386 227
8387 220
8388 221
8389 226
8390 218
8391 223
8392 222
8393 226
8394 225
8395 220
8396 227
8397 227
8398 224
8399 227
8400 224
8401 224
8402 224
8403 219
8404 283
8405 226
8406 200
8407 226
8408 226
8409 293
8410 266
8411 225
8412 217
8413 225
8414 224
8415 224
8416 220
8417 202
8418 223
8419 220
8420 217
8421 219
8422 222
8423 219
8424 211
8425 219
8426 210
8427 263
8428 222
8429 214
8430 212
8431 212
8432 214
8433 224
8434 221
8435 216
8436 214
8437 217
8438 219
8439 220
8440 219
8441 211
8442 213
8443 214
8444 213
8445 217
8446 215
8447 217
8448 217
8449 217
8450 220
8451 224
8452 216
8453 217
8454 221
8455 222
8456 213
8457 336
8458 219
8459 223
8460 221
8461 336
8462 217
8463 220
8464 219
8465 222
8466 218
8467 315
8468 221
8469 213
8470 217
8471 218
8472 223
8473 213
8474 219
8475 214
8476 215
8477 212
8478 224
8479 217
8480 220
8481 222
8482 218
8483 216
8484 222
8485 219
8486 216
8487 219
8488 219
8489 220
8490 215
8491 223
8492 216
8493 223
8494 212
8495 213
8496 220
8497 183
8498 316
8499 221
8500 218
8501 219
8502 211
8503 220
8504 211
8505 222
8506 227
8507 220
8508 217
8509 271
8510 215
8511 220
8512 216
8513 243
8514 324
8515 220
8516 218
8517 247
8518 318
8519 220
8520 217
8521 203
8522 212
8523 285
8524 283
8525 212
8526 216
8527 246
8528 214
8529 211
8530 221
8531 216
8532 211
8533 223
8534 223
8535 214
8536 218
8537 219
8538 221
8539 210
8540 218
8541 294
8542 221
8543 224
8544 221
8545 219
8546 219
8547 220
8548 212
8549 217
8550 220
8551 222
8552 216
8553 218
8554 216
8555 221
8556 221
8557 222
8558 220
8559 219
8560 222
8561 199
8562 211
8563 222
8564 221
8565 215
8566 221
8567 214
8568 220
8569 217
8570 298
8571 219
8572 270
8573 213
8574 219
8575 343
8576 216
8577 218
8578 218
8579 216
8580 292
8581 280
8582 203
8583 222
8584 221
8585 204
8586 221
8587 222
8588 218
8589 217
8590 220
8591 218
8592 224
8593 221
8594 223
8595 199
8596 218
8597 217
8598 258
8599 214
8600 195
8601 199
8602 226
8603 219
8604 218
8605 220
8606 213
8607 199
8608 218
8609 222
8610 216
8611 199
8612 217
8613 224
8614 213
8615 221
8616 219
8617 215
8618 220
8619 214
8620 218
8621 203
8622 220
8623 219
8624 219
8625 221
8626 222
8627 222
8628 338
8629 222
8630 220
8631 221
8632 375
8633 223
8634 219
8635 223
8636 216
8637 259
8638 306
8639 214
8640 189
8641 218
8642 219
8643 218
8644 213
8645 212
8646 217
8647 201
8648 222
8649 199
8650 228
8651 220
8652 217
8653 216
8654 217
8655 199
8656 215
8657 218
8658 209
8659 212
8660 214
8661 213
8662 218
8663 219
8664 199
8665 219
8666 213
8667 220
8668 221
8669 212
8670 220
8671 222
8672 213
8673 222
8674 223
8675 222
8676 218
8677 215
8678 214
8679 217
8680 219
8681 222
8682 214
8683 228
8684 202
8685 253
8686 281
8687 257
8688 221
8689 245
8690 357
8691 215
8692 220
8693 221
8694 216
8695 287
8696 280
8697 213
8698 217
8699 220
8700 223
8701 217
8702 218
8703 218
8704 212
8705 213
8706 212
8707 221
8708 213
8709 219
8710 198
8711 210
8712 220
8713 234
8714 220
8715 226
8716 214
8717 202
8718 224
8719 216
8720 217
8721 221
8722 218
8723 220
8724 218
8725 218
8726 217
8727 220
8728 219
8729 224
8730 218
8731 216
8732 225
8733 211
8734 220
8735 212
8736 223
8737 217
8738 200
8739 224
8740 223
8741 220
8742 220
8743 244
8744 215
8745 218
8746 218
8747 262
8748 219
8749 225
8750 223
8751 220
8752 217
8753 331
8754 212
8755 214
8756 216
8757 220
8758 220
8759 219
8760 222
8761 217
8762 219
8763 220
8764 220
8765 200
8766 220
8767 212
8768 215
8769 220
8770 220
8771 212
8772 224
8773 223
8774 220
8775 215
8776 215
8777 219
8778 221
8779 221
8780 222
8781 220
8782 199
8783 214
8784 220
8785 221
8786 220
8787 227
8788 220
8789 222
8790 288
8791 319
8792 220
8793 197
8794 212
8795 219
8796 222
8797 221
8798 222
8799 221
8800 258
8801 221
8802 216
8803 220
8804 296
8805 286
8806 219
8807 216
8808 219
8809 221
8810 285
8811 253
8812 219
8813 218
8814 221
8815 220
8816 221
8817 223
8818 221
8819 210
8820 218
8821 219
8822 197
8823 215
8824 212
8825 217
8826 221
8827 216
8828 257
8829 199
8830 200
8831 217
8832 219
8833 215
8834 212
8835 214
8836 219
8837 218
8838 289
8839 262
8840 225
8841 221
8842 214
8843 197
8844 215
8845 222
8846 213
8847 194
8848 211
8849 224
8850 217
8851 225
8852 220
8853 223
8854 201
8855 221
8856 220
8857 256
8858 219
8859 225
8860 213
8861 265
8862 260
8863 213
8864 220
8865 218
8866 216
8867 295
8868 287
8869 220
8870 212
8871 220
8872 219
8873 215
8874 213
8875 223
8876 200
8877 218
8878 217
8879 216
8880 200
8881 219
8882 223
8883 219
8884 214
8885 219
8886 217
8887 222
8888 225
8889 220
8890 220
8891 213
8892 219
8893 220
8894 220
8895 219
8896 222
8897 218
8898 223
8899 213
8900 220
8901 220
8902 197
8903 214
8904 215
8905 217
8906 210
8907 222
8908 220
8909 219
8910 215
8911 217
8912 222
8913 216
8914 221
8915 310
8916 222
8917 212
8918 216
8919 368
8920 212
8921 222
8922 220
8923 218
8924 216
8925 288
8926 250
8927 220
8928 219
8929 194
8930 225
8931 219
8932 219
8933 218
8934 220
8935 221
8936 225
8937 219
8938 213
8939 211
8940 219
8941 212
8942 218
8943 219
8944 217
8945 224
8946 219
8947 218
8948 216
8949 218
8950 218
8951 221
8952 217
8953 226
8954 220
8955 211
8956 223
8957 222
8958 215
8959 213
8960 220
8961 217
8962 218
8963 215
8964 217
8965 216
8966 217
8967 221
8968 245
8969 210
8970 215
8971 213
8972 313
8973 249
8974 236
8975 218
8976 288
8977 228
8978 215
8979 220
8980 219
8981 216
8982 282
8983 286
8984 212
8985 222
8986 220
8987 223
8988 222
8989 222
8990 218
8991 219
8992 218
8993 219
8994 221
8995 219
8996 219
8997 220
8998 222
8999 219
9000 218
9001 219
9002 217
9003 225
9004 219
9005 220
9006 216
9007 223
9008 218
9009 221
9010 220
9011 218
9012 220
9013 224
9014 218
9015 212
9016 217
9017 218
9018 224
9019 220
9020 224
9021 216
9022 220
9023 223
9024 219
9025 215
9026 221
9027 212
9028 226
9029 314
9030 201
9031 199
9032 227
9033 255
9034 267
9035 219
9036 221
9037 222
9038 215
9039 300
9040 286
9041 213
9042 222
9043 222
9044 220
9045 219
9046 215
9047 220
9048 219
9049 215
9050 209
9051 162
9052 218
9053 221
9054 217
9055 220
9056 215
9057 223
9058 218
9059 220
9060 221
9061 214
9062 220
9063 215
9064 213
9065 220
9066 223
9067 217
9068 222
9069 215
9070 225
9071 222
9072 218
9073 148
9074 216
9075 218
9076 215
9077 221
9078 224
9079 220
9080 220
9081 215
9082 225
9083 218
9084 224
9085 220
9086 222
9087 344
9088 198
9089 217
9090 215
9091 371
9092 302
9093 222
9094 224
9095 217
9096 220
9097 332
9098 231
9099 211
9100 218
9101 161
9102 216
9103 215
9104 221
9105 233
9106 221
9107 221
9108 217
9109 212
9110 222
9111 220
9112 224
9113 216
9114 217
9115 219
9116 214
9117 199
9118 200
9119 219
9120 216
9121 216
9122 218
9123 212
9124 219
9125 217
9126 217
9127 215
9128 213
9129 220
9130 213
9131 226
9132 216
9133 219
9134 223
9135 219
9136 222
9137 212
9138 218
9139 212
9140 216
9141 216
9142 221
9143 218
9144 318
9145 214
9146 215
9147 220
9148 225
9149 324
9150 217
9151 226
9152 218
9153 220
9154 284
9155 282
9156 211
9157 211
9158 223
9159 217
9160 214
9161 217
9162 222
9163 217
9164 219
9165 218
9166 217
9167 220
9168 219
9169 213
9170 215
9171 218
9172 221
9173 219
9174 220
9175 221
9176 225
9177 221
9178 221
9179 217
9180 217
9181 217
9182 453
9183 321
9184 216
9185 217
9186 223
9187 211
9188 212
9189 210
9190 213
9191 220
9192 212
9193 218
9194 216
9195 218
9196 266
9197 220
9198 216
9199 221
9200 330
9201 200
9202 221
9203 219
9204 338
9205 222
9206 221
9207 222
9208 222
9209 225
9210 350
9211 244
9212 359
9213 221
9214 215
9215 224
9216 223
9217 223
9218 221
9219 217
9220 221
9221 199
9222 223
9223 220
9224 199
9225 225
9226 222
9227 221
9228 218
9229 218
9230 215
9231 220
9232 222
9233 216
9234 214
9235 218
9236 215
9237 222
9238 220
9239 213
9240 220
9241 215
9242 223
9243 214
9244 225
9245 223
9246 220
9247 221
9248 215
9249 216
9250 219
9251 220
9252 220
9253 218
9254 223
9255 219
9256 296
9257 219
9258 216
9259 217
9260 197
9261 297
9262 217
9263 200
9264 221
9265 218
9266 284
9267 278
9268 214
9269 224
9270 221
9271 219
9272 222
9273 218
9274 220
9275 217
9276 222
9277 212
9278 220
9279 225
9280 223
9281 220
9282 219
9283 212
9284 221
9285 220
9286 216
9287 213
9288 215
9289 221
9290 217
9291 219
9292 218
9293 220
9294 212
9295 219
9296 246
9297 263
9298 221
9299 220
9300 214
9301 221
9302 220
9303 220
9304 212
9305 215
9306 219
9307 219
9308 213
9309 223
9310 212
9311 213
9312 224
9313 211
9314 254
9315 211
9316 211
9317 222
9318 319
9319 212
9320 221
9321 218
9322 218
9323 214
9324 283
9325 289
9326 215
9327 214
9328 220
9329 220
9330 219
9331 220
9332 216
9333 223
9334 217
9335 221
9336 221
9337 220
9338 216
9339 220
9340 216
9341 220
9342 219
9343 218
9344 212
9345 218
9346 224
9347 222
9348 392
9349 219
9350 220
9351 217
9352 222
9353 219
9354 221
9355 215
9356 220
9357 221
9358 218
9359 215
9360 216
9361 221
9362 223
9363 215
9364 221
9365 218
9366 209
9367 211
9368 222
9369 217
9370 220
9371 331
9372 218
9373 219
9374 215
9375 306
9376 211
9377 220
9378 219
9379 222
9380 287
9381 288
9382 268
9383 264
9384 223
9385 218
9386 213
9387 216
9388 213
9389 217
9390 220
9391 223
9392 218
9393 212
9394 217
9395 222
9396 161
9397 223
9398 215
9399 226
9400 211
9401 201
9402 188
9403 218
9404 216
9405 217
9406 217
9407 216
9408 222
9409 221
9410 217
9411 210
9412 220
9413 215
9414 219
9415 220
9416 220
9417 222
9418 197
9419 215
9420 202
9421 223
9422 219
9423 218
9424 217
9425 220
9426 211
9427 221
9428 258
9429 220
9430 334
9431 505
9432 220
9433 312
9434 199
9435 160
9436 199
9437 213
9438 219
9439 335
9440 231
9441 216
9442 217
9443 217
9444 220
9445 213
9446 214
9447 221
9448 215
9449 234
9450 322
9451 214
9452 224
9453 220
9454 243
9455 219
9456 217
9457 223
9458 219
9459 220
9460 219
9461 221
9462 220
9463 219
9464 217
9465 254
9466 224
9467 219
9468 220
9469 219
9470 212
9471 195
9472 220
9473 221
9474 214
9475 221
9476 199
9477 217
9478 223
9479 205
9480 210
9481 219
9482 215
9483 221
9484 299
9485 212
9486 220
9487 216
9488 319
9489 218
9490 217
9491 216
9492 225
9493 282
9494 280
9495 231
9496 200
9497 228
9498 213
9499 221
9500 222
9501 202
9502 220
9503 222
9504 215
9505 217
9506 221
9507 221
9508 217
9509 220
9510 220
9511 218
9512 216
9513 220
9514 218
9515 199
9516 223
9517 246
9518 454
9519 221
9520 283
9521 215
9522 222
9523 222
9524 222
9525 219
9526 213
9527 220
9528 224
9529 221
9530 218
9531 200
9532 220
9533 217
9534 218
9535 220
9536 220
9537 216
9538 218
9539 222
9540 317
9541 236
9542 304
9543 227
9544 336
9545 213
9546 223
9547 218
9548 213
9549 214
9550 319
9551 234
9552 215
9553 223
9554 226
9555 220
9556 216
9557 222
9558 219
9559 222
9560 201
9561 201
9562 220
9563 217
9564 262
9565 215
9566 225
9567 215
9568 224
9569 217
9570 215
9571 221
9572 220
9573 217
9574 217
9575 214
9576 215
9577 211
9578 222
9579 213
9580 222
9581 220
9582 215
9583 215
9584 218
9585 218
9586 210
9587 216
9588 221
9589 212
9590 217
9591 221
9592 216
9593 219
9594 211
9595 219
9596 222
9597 309
9598 276
9599 220
9600 215
9601 376
9602 215
9603 215
9604 213
9605 218
9606 218
9607 353
9608 198
9609 211
9610 218
9611 216
9612 221
9613 219
9614 216
9615 215
9616 224
9617 218
9618 216
9619 220
9620 222
9621 212
9622 220
9623 223
9624 255
9625 219
9626 214
9627 217
9628 215
9629 211
9630 221
9631 226
9632 215
9633 219
9634 225
9635 197
9636 216
9637 220
9638 220
9639 213
9640 212
9641 214
9642 199
9643 217
9644 222
9645 214
9646 220
9647 217
9648 218
9649 256
9650 473
9651 216
9652 250
9653 248
9654 221
9655 215
9656 218
9657 340
9658 215
9659 218
9660 216
9661 214
9662 269
9663 408
9664 211
9665 213
9666 221
9667 216
9668 217
9669 219
9670 219
9671 220
9672 224
9673 213
9674 220
9675 220
9676 214
9677 215
9678 213
9679 222
9680 221
9681 220
9682 221
9683 220
9684 219
9685 217
9686 213
9687 222
9688 220
9689 212
9690 220
9691 220
9692 215
9693 217
9694 224
9695 220
9696 217
9697 199
9698 221
9699 216
9700 218
9701 221
9702 219
9703 219
9704 214
9705 224
9706 221
9707 217
9708 217
9709 253
9710 218
9711 219
9712 216
9713 218
9714 310
9715 215
9716 219
9717 219
9718 218
9719 217
9720 289
9721 220
9722 212
9723 218
9724 194
9725 214
9726 219
9727 212
9728 223
9729 223
9730 217
9731 220
9732 216
9733 217
9734 224
9735 225
9736 222
9737 217
9738 220
9739 218
9740 220
9741 213
9742 215
9743 222
9744 222
9745 215
9746 222
9747 212
9748 211
9749 216
9750 218
9751 220
9752 218
9753 219
9754 219
9755 220
9756 220
9757 218
9758 224
9759 218
9760 215
9761 221
9762 212
9763 222
9764 224
9765 219
9766 212
9767 243
9768 214
9769 201
9770 214
9771 222
9772 311
9773 216
9774 214
9775 222
9776 218
9777 216
9778 344
9779 220
9780 211
9781 221
9782 216
9783 216
9784 217
9785 209
9786 214
9787 211
9788 224
9789 214
9790 211
9791 211
9792 221
9793 224
9794 220
9795 217
9796 213
9797 222
9798 219
9799 211
9800 227
9801 213
9802 216
9803 202
9804 220
9805 220
9806 221
9807 218
9808 220
9809 217
9810 219
9811 220
9812 212
9813 221
9814 211
9815 219
9816 213
9817 216
9818 222
9819 222
9820 218
9821 211
9822 225
9823 218
9824 219
9825 281
9826 357
9827 229
9828 251
9829 240
9830 279
9831 314
9832 217
9833 221
9834 222
9835 323
9836 279
9837 221
9838 214
9839 214
9840 222
9841 220
9842 220
9843 218
9844 216
9845 216
9846 223
9847 223
9848 213
9849 218
9850 218
9851 222
9852 251
9853 222
9854 221
9855 222
9856 219
9857 222
9858 211
9859 224
9860 220
9861 210
9862 218
9863 217
9864 222
9865 218
9866 218
9867 218
9868 221
9869 203
9870 221
9871 225
9872 211
9873 217
9874 224
9875 219
9876 272
9877 222
9878 214
9879 218
9880 220
9881 313
9882 212
9883 300
9884 369
9885 369
9886 222
9887 274
9888 222
9889 214
9890 335
9891 285
9892 217
9893 214
9894 248
9895 197
9896 219
9897 215
9898 220
9899 208
9900 219
9901 221
9902 312
9903 267
9904 216
9905 228
9906 220
9907 279
9908 182
9909 217
9910 223
9911 221
9912 224
9913 216
9914 216
9915 219
9916 196
9917 223
9918 218
9919 217
9920 222
9921 212
9922 219
9923 222
9924 203
9925 213
9926 224
9927 196
9928 221
9929 213
9930 220
9931 182
9932 218
9933 220
9934 220
9935 227
9936 293
9937 277
9938 231
9939 210
9940 218
9941 291
9942 293
9943 212
9944 218
9945 223
9946 290
9947 221
9948 349
9949 218
9950 214
9951 223
9952 221
9953 222
9954 214
9955 218
9956 216
9957 218
9958 285
9959 292
9960 220
9961 222
9962 202
9963 261
9964 214
9965 217
9966 222
9967 220
9968 453
9969 218
9970 224
9971 215
9972 221
9973 213
9974 214
9975 209
9976 218
9977 219
9978 219
9979 220
9980 223
9981 213
9982 213
9983 218
9984 211
9985 219
9986 220
9987 215
9988 220
9989 222
9990 218
9991 314
9992 217
9993 178
9994 219
9995 221
9996 371
9997 265
9998 198
9999 220
