i t
0 232
1 245
2 379
3 247
4 386
5 247
6 245
7 241
8 241
9 229
10 236
11 271
12 243
13 246
14 239
15 237
16 324
17 238
18 244
19 230
20 240
21 409
22 305
23 231
24 247
25 244
26 313
27 305
28 245
29 241
30 250
31 241
32 246
33 230
34 247
35 235
36 247
37 239
38 242
39 237
40 231
41 284
42 293
43 245
44 327
45 242
46 333
47 242
48 430
49 246
50 409
51 229
52 241
53 234
54 243
55 239
56 238
57 245
58 237
59 241
60 241
61 232
62 231
63 244
64 263
65 280
66 276
67 231
68 241
69 244
70 323
71 241
72 238
73 231
74 246
75 234
76 240
77 230
78 310
79 298
80 244
81 231
82 240
83 247
84 243
85 243
86 246
87 241
88 241
89 239
90 236
91 242
92 241
93 147
94 242
95 234
96 244
97 224
98 229
99 246
100 238
101 244
102 236
103 243
104 242
105 228
106 229
107 227
108 231
109 236
110 241
111 231
112 240
113 237
114 241
115 232
116 238
117 236
118 323
119 236
120 241
121 244
122 283
123 281
124 244
125 243
126 285
127 246
128 308
129 302
130 239
131 242
132 227
133 241
134 232
135 243
136 241
137 227
138 240
139 231
140 245
141 246
142 239
143 240
144 235
145 247
146 236
147 227
148 241
149 244
150 247
151 235
152 233
153 238
154 240
155 236
156 240
157 231
158 245
159 235
160 224
161 236
162 235
163 243
164 238
165 244
166 245
167 239
168 246
169 232
170 283
171 286
172 246
173 248
174 235
175 457
176 247
177 242
178 250
179 243
180 320
181 274
182 239
183 245
184 245
185 236
186 237
187 248
188 244
189 241
190 247
191 237
192 233
193 237
194 246
195 238
196 247
197 229
198 246
199 241
200 245
201 246
202 247
203 242
204 239
205 232
206 240
207 232
208 241
209 239
210 233
211 230
212 247
213 241
214 243
215 237
216 242
217 243
218 245
219 232
220 242
221 234
222 303
223 246
224 244
225 246
226 302
227 324
228 237
229 246
230 233
231 239
232 230
233 308
234 291
235 247
236 241
237 238
238 248
239 392
240 237
241 246
242 235
243 238
244 242
245 244
246 247
247 238
248 248
249 245
250 242
251 229
252 244
253 247
254 234
255 243
256 252
257 241
258 238
259 247
260 176
261 247
262 228
263 241
264 243
265 241
266 175
267 240
268 251
269 245
270 238
271 237
272 233
273 245
274 323
275 294
276 245
277 244
278 409
279 245
280 237
281 236
282 230
283 247
284 321
285 289
286 242
287 244
288 229
289 243
290 248
291 240
292 251
293 239
294 240
295 250
296 246
297 251
298 242
299 257
300 253
301 246
302 236
303 251
304 245
305 249
306 238
307 251
308 232
309 251
310 253
311 251
312 253
313 254
314 252
315 257
316 249
317 250
318 251
319 242
320 233
321 255
322 250
323 250
324 245
325 290
326 251
327 239
328 244
329 318
330 240
331 241
332 253
333 293
334 247
335 376
336 246
337 253
338 248
339 252
340 250
341 249
342 257
343 250
344 245
345 240
346 252
347 248
348 243
349 235
350 248
351 249
352 247
353 249
354 248
355 253
356 248
357 234
358 244
359 244
360 250
361 240
362 240
363 243
364 248
365 246
366 241
367 252
368 246
369 240
370 252
371 249
372 250
373 249
374 252
375 240
376 302
377 253
378 241
379 233
380 541
381 320
382 253
383 248
384 249
385 255
386 304
387 312
388 240
389 239
390 246
391 244
392 247
393 253
394 248
395 240
396 237
397 246
398 249
399 249
400 242
401 250
402 240
403 251
404 240
405 239
406 247
407 241
408 246
409 246
410 245
411 242
412 243
413 233
414 247
415 250
416 253
417 246
418 251
419 246
420 242
421 235
422 249
423 250
424 232
425 243
426 284
427 247
428 240
429 245
430 387
431 248
432 233
433 244
434 257
435 241
436 312
437 298
438 254
439 253
440 233
441 245
442 256
443 252
444 236
445 252
446 236
447 248
448 251
449 241
450 251
451 249
452 235
453 251
454 248
455 240
456 253
457 243
458 243
459 252
460 229
461 250
462 239
463 254
464 248
465 244
466 240
467 250
468 242
469 249
470 250
471 257
472 252
473 252
474 241
475 251
476 246
477 279
478 245
479 252
480 247
481 329
482 251
483 240
484 247
485 280
486 252
487 303
488 314
489 251
490 253
491 253
492 247
493 249
494 257
495 252
496 243
497 254
498 237
499 245
500 247
501 237
502 241
503 248
504 252
505 239
506 251
507 238
508 247
509 249
510 250
511 245
512 243
513 242
514 237
515 249
516 243
517 249
518 250
519 402
520 337
521 252
522 245
523 246
524 247
525 248
526 249
527 249
528 263
529 262
530 250
531 281
532 290
533 253
534 252
535 237
536 241
537 304
538 316
539 234
540 253
541 253
542 250
543 242
544 243
545 242
546 253
547 252
548 254
549 239
550 242
551 240
552 247
553 250
554 251
555 250
556 246
557 252
558 249
559 246
560 243
561 233
562 241
563 246
564 243
565 245
566 250
567 240
568 250
569 249
570 246
571 246
572 255
573 247
574 235
575 237
576 234
577 243
578 291
579 245
580 238
581 246
582 274
583 325
584 253
585 250
586 230
587 251
588 310
589 302
590 247
591 235
592 245
593 253
594 247
595 255
596 240
597 242
598 241
599 234
600 234
601 242
602 237
603 235
604 247
605 246
606 235
607 242
608 242
609 241
610 244
611 233
612 235
613 232
614 233
615 245
616 230
617 229
618 237
619 238
620 240
621 243
622 234
623 237
624 249
625 231
626 248
627 245
628 243
629 242
630 323
631 263
632 236
633 247
634 239
635 383
636 243
637 242
638 243
639 241
640 241
641 306
642 291
643 244
644 241
645 242
646 239
647 239
648 240
649 243
650 237
651 242
652 231
653 234
654 238
655 235
656 243
657 240
658 242
659 239
660 234
661 241
662 229
663 358
664 240
665 234
666 243
667 237
668 246
669 229
670 235
671 236
672 233
673 242
674 235
675 235
676 242
677 243
678 233
679 246
680 235
681 238
682 273
683 244
684 246
685 280
686 243
687 349
688 240
689 243
690 239
691 282
692 231
693 306
694 271
695 240
696 235
697 239
698 246
699 226
700 238
701 241
702 243
703 231
704 241
705 240
706 243
707 239
708 227
709 230
710 238
711 240
712 244
713 243
714 246
715 241
716 229
717 237
718 282
719 241
720 241
721 243
722 228
723 239
724 239
725 245
726 228
727 242
728 228
729 241
730 243
731 235
732 235
733 230
734 277
735 241
736 239
737 244
738 239
739 370
740 231
741 233
742 234
743 245
744 236
745 306
746 292
747 256
748 235
749 242
750 238
751 241
752 234
753 232
754 242
755 240
756 237
757 245
758 235
759 236
760 240
761 230
762 241
763 226
764 238
765 234
766 232
767 244
768 229
769 243
770 244
771 230
772 245
773 243
774 237
775 245
776 231
777 230
778 289
779 242
780 244
781 241
782 246
783 243
784 239
785 245
786 242
787 354
788 231
789 361
790 232
791 369
792 244
793 244
794 242
795 206
796 240
797 310
798 299
799 230
800 242
801 242
802 240
803 245
804 230
805 243
806 234
807 230
808 237
809 231
810 235
811 241
812 277
813 239
814 245
815 231
816 245
817 236
818 228
819 243
820 241
821 243
822 238
823 234
824 231
825 252
826 242
827 285
828 319
829 230
830 240
831 242
832 224
833 236
834 237
835 227
836 246
837 246
838 282
839 235
840 243
841 233
842 244
843 371
844 236
845 242
846 243
847 238
848 243
849 298
850 317
851 241
852 235
853 240
854 245
855 243
856 234
857 239
858 245
859 239
860 242
861 225
862 154
863 235
864 241
865 245
866 245
867 233
868 240
869 233
870 233
871 246
872 240
873 240
874 243
875 243
876 243
877 238
878 231
879 242
880 236
881 232
882 229
883 233
884 244
885 243
886 226
887 245
888 240
889 243
890 247
891 279
892 247
893 239
894 243
895 279
896 279
897 239
898 245
899 230
900 288
901 237
902 362
903 243
904 233
905 239
906 244
907 239
908 230
909 239
910 240
911 242
912 233
913 242
914 239
915 245
916 246
917 252
918 234
919 240
920 243
921 356
922 248
923 236
924 241
925 247
926 246
927 246
928 241
929 242
930 243
931 249
932 247
933 245
934 243
935 244
936 233
937 232
938 245
939 237
940 236
941 240
942 239
943 287
944 243
945 242
946 237
947 308
948 544
949 245
950 246
951 237
952 234
953 242
954 292
955 304
956 241
957 244
958 237
959 242
960 233
961 252
962 243
963 238
964 244
965 236
966 245
967 232
968 244
969 246
970 244
971 240
972 236
973 243
974 244
975 234
976 238
977 242
978 246
979 233
980 243
981 492
982 354
983 244
984 237
985 241
986 245
987 242
988 241
989 232
990 234
991 239
992 282
993 226
994 234
995 238
996 242
997 242
998 392
999 386
1000 232
1001 245
1002 240
1003 241
1004 237
1005 325
1006 308
1007 239
1008 243
1009 236
1010 246
1011 240
1012 247
1013 241
1014 226
1015 238
1016 242
1017 236
1018 242
1019 239
1020 231
1021 239
1022 246
1023 230
1024 235
1025 241
1026 235
1027 230
1028 242
1029 229
1030 234
1031 241
1032 238
1033 237
1034 230
1035 244
1036 240
1037 245
1038 233
1039 244
1040 245
1041 241
1042 237
1043 243
1044 332
1045 234
1046 233
1047 242
1048 272
1049 349
1050 233
1051 246
1052 245
1053 244
1054 244
1055 368
1056 242
1057 246
1058 243
1059 240
1060 233
1061 229
1062 240
1063 244
1064 242
1065 242
1066 240
1067 241
1068 206
1069 228
1070 337
1071 245
1072 236
1073 247
1074 247
1075 248
1076 246
1077 244
1078 247
1079 240
1080 244
1081 242
1082 236
1083 249
1084 241
1085 243
1086 250
1087 235
1088 241
1089 247
1090 251
1091 244
1092 236
1093 233
1094 244
1095 249
1096 290
1097 247
1098 243
1099 245
1100 320
1101 246
1102 232
1103 249
1104 246
1105 240
1106 301
1107 301
1108 244
1109 247
1110 235
1111 242
1112 247
1113 248
1114 248
1115 244
1116 243
1117 249
1118 236
1119 248
1120 238
1121 247
1122 243
1123 241
1124 235
1125 250
1126 246
1127 246
1128 244
1129 242
1130 251
1131 231
1132 247
1133 242
1134 232
1135 244
1136 246
1137 236
1138 245
1139 238
1140 239
1141 238
1142 249
1143 245
1144 252
1145 235
1146 236
1147 236
1148 257
1149 241
1150 241
1151 246
1152 313
1153 254
1154 240
1155 247
1156 250
1157 244
1158 328
1159 305
1160 236
1161 238
1162 251
1163 239
1164 249
1165 236
1166 237
1167 246
1168 229
1169 247
1170 245
1171 249
1172 246
1173 233
1174 239
1175 237
1176 243
1177 242
1178 242
1179 246
1180 243
1181 233
1182 247
1183 247
1184 246
1185 245
1186 236
1187 234
1188 244
1189 234
1190 247
1191 247
1192 245
1193 249
1194 232
1195 243
1196 249
1197 245
1198 250
1199 310
1200 266
1201 231
1202 229
1203 339
1204 560
1205 247
1206 303
1207 251
1208 246
1209 237
1210 370
1211 237
1212 247
1213 244
1214 238
1215 235
1216 242
1217 247
1218 243
1219 233
1220 246
1221 237
1222 245
1223 238
1224 235
1225 248
1226 247
1227 235
1228 239
1229 248
1230 243
1231 239
1232 249
1233 239
1234 229
1235 245
1236 233
1237 249
1238 243
1239 247
1240 258
1241 232
1242 240
1243 241
1244 243
1245 229
1246 245
1247 247
1248 248
1249 245
1250 351
1251 239
1252 238
1253 249
1254 655
1255 517
1256 251
1257 244
1258 248
1259 246
1260 314
1261 292
1262 249
1263 246
1264 238
1265 219
1266 246
1267 244
1268 229
1269 240
1270 243
1271 242
1272 296
1273 244
1274 236
1275 242
1276 245
1277 247
1278 250
1279 246
1280 249
1281 251
1282 240
1283 250
1284 252
1285 247
1286 236
1287 243
1288 235
1289 248
1290 234
1291 245
1292 366
1293 251
1294 244
1295 236
1296 249
1297 240
1298 344
1299 230
1300 165
1301 250
1302 244
1303 376
1304 232
1305 248
1306 234
1307 239
1308 245
1309 306
1310 309
1311 241
1312 243
1313 235
1314 243
1315 244
1316 243
1317 248
1318 252
1319 248
1320 248
1321 235
1322 235
1323 276
1324 244
1325 235
1326 239
1327 236
1328 242
1329 244
1330 247
1331 231
1332 235
1333 236
1334 244
1335 235
1336 243
1337 246
1338 231
1339 248
1340 247
1341 249
1342 249
1343 249
1344 236
1345 238
1346 249
1347 247
1348 246
1349 240
1350 337
1351 271
1352 233
1353 235
1354 362
1355 421
1356 242
1357 279
1358 248
1359 241
1360 232
1361 380
1362 253
1363 241
1364 243
1365 239
1366 242
1367 235
1368 240
1369 235
1370 230
1371 248
1372 245
1373 241
1374 309
1375 233
1376 248
1377 243
1378 249
1379 235
1380 238
1381 254
1382 244
1383 239
1384 302
1385 245
1386 242
1387 243
1388 248
1389 249
1390 242
1391 245
1392 242
1393 228
1394 245
1395 244
1396 243
1397 243
1398 240
1399 245
1400 339
1401 235
1402 232
1403 241
1404 258
1405 386
1406 247
1407 247
1408 283
1409 247
1410 237
1411 388
1412 250
1413 249
1414 242
1415 247
1416 247
1417 252
1418 245
1419 253
1420 249
1421 241
1422 250
1423 235
1424 246
1425 233
1426 247
1427 242
1428 242
1429 250
1430 245
1431 273
1432 245
1433 247
1434 251
1435 243
1436 246
1437 246
1438 232
1439 243
1440 250
1441 241
1442 247
1443 244
1444 233
1445 243
1446 249
1447 236
1448 251
1449 246
1450 243
1451 355
1452 242
1453 240
1454 245
1455 393
1456 258
1457 247
1458 240
1459 246
1460 245
1461 306
1462 313
1463 248
1464 236
1465 250
1466 242
1467 245
1468 240
1469 249
1470 243
1471 250
1472 243
1473 235
1474 247
1475 280
1476 286
1477 244
1478 245
1479 240
1480 236
1481 228
1482 246
1483 249
1484 235
1485 235
1486 243
1487 244
1488 250
1489 250
1490 246
1491 241
1492 238
1493 252
1494 237
1495 248
1496 239
1497 249
1498 246
1499 251
1500 245
1501 236
1502 340
1503 282
1504 240
1505 245
1506 369
1507 243
1508 247
1509 234
1510 251
1511 250
1512 311
1513 305
1514 247
1515 251
1516 246
1517 250
1518 249
1519 244
1520 248
1521 235
1522 515
1523 392
1524 245
1525 249
1526 241
1527 245
1528 237
1529 241
1530 240
1531 243
1532 249
1533 242
1534 242
1535 252
1536 243
1537 242
1538 243
1539 230
1540 237
1541 227
1542 235
1543 244
1544 249
1545 252
1546 244
1547 242
1548 246
1549 249
1550 276
1551 363
1552 248
1553 238
1554 247
1555 315
1556 259
1557 246
1558 244
1559 247
1560 230
1561 279
1562 313
1563 241
1564 248
1565 236
1566 244
1567 246
1568 250
1569 235
1570 247
1571 236
1572 246
1573 243
1574 244
1575 249
1576 248
1577 227
1578 229
1579 249
1580 243
1581 251
1582 238
1583 249
1584 249
1585 242
1586 248
1587 238
1588 236
1589 437
1590 244
1591 236
1592 248
1593 245
1594 250
1595 247
1596 246
1597 240
1598 247
1599 242
1600 247
1601 247
1602 369
1603 403
1604 290
1605 321
1606 660
1607 394
1608 233
1609 235
1610 246
1611 243
1612 254
1613 303
1614 249
1615 243
1616 245
1617 241
1618 244
1619 240
1620 248
1621 250
1622 248
1623 249
1624 239
1625 246
1626 244
1627 248
1628 244
1629 245
1630 246
1631 240
1632 234
1633 250
1634 244
1635 242
1636 232
1637 247
1638 245
1639 248
1640 246
1641 245
1642 248
1643 246
1644 244
1645 293
1646 246
1647 245
1648 248
1649 245
1650 388
1651 277
1652 244
1653 240
1654 231
1655 230
1656 332
1657 337
1658 282
1659 502
1660 232
1661 229
1662 246
1663 242
1664 244
1665 234
1666 378
1667 240
1668 233
1669 243
1670 241
1671 246
1672 240
1673 242
1674 236
1675 241
1676 242
1677 238
1678 233
1679 224
1680 239
1681 228
1682 231
1683 242
1684 228
1685 244
1686 230
1687 226
1688 236
1689 242
1690 229
1691 241
1692 239
1693 245
1694 238
1695 243
1696 242
1697 236
1698 232
1699 245
1700 243
1701 327
1702 245
1703 234
1704 230
1705 258
1706 298
1707 239
1708 242
1709 241
1710 235
1711 240
1712 312
1713 305
1714 238
1715 242
1716 233
1717 242
1718 241
1719 240
1720 245
1721 244
1722 240
1723 183
1724 239
1725 226
1726 229
1727 229
1728 241
1729 239
1730 239
1731 232
1732 246
1733 245
1734 239
1735 231
1736 243
1737 244
1738 242
1739 244
1740 242
1741 241
1742 235
1743 245
1744 243
1745 237
1746 235
1747 237
1748 247
1749 233
1750 186
1751 240
1752 240
1753 223
1754 274
1755 228
1756 243
1757 235
1758 316
1759 240
1760 233
1761 245
1762 244
1763 244
1764 314
1765 304
1766 236
1767 229
1768 232
1769 241
1770 243
1771 245
1772 229
1773 239
1774 241
1775 242
1776 240
1777 234
1778 229
1779 236
1780 238
1781 231
1782 237
1783 243
1784 241
1785 230
1786 240
1787 244
1788 244
1789 243
1790 243
1791 238
1792 244
1793 241
1794 231
1795 245
1796 242
1797 233
1798 233
1799 235
1800 230
1801 225
1802 231
1803 241
1804 229
1805 244
1806 244
1807 311
1808 281
1809 240
1810 244
1811 288
1812 314
1813 244
1814 241
1815 229
1816 240
1817 312
1818 309
1819 230
1820 244
1821 236
1822 236
1823 249
1824 240
1825 240
1826 248
1827 332
1828 279
1829 241
1830 239
1831 247
1832 239
1833 248
1834 242
1835 247
1836 230
1837 233
1838 244
1839 244
1840 239
1841 238
1842 233
1843 242
1844 240
1845 243
1846 247
1847 228
1848 246
1849 244
1850 245
1851 241
1852 230
1853 242
1854 246
1855 235
1856 241
1857 238
1858 308
1859 239
1860 244
1861 238
1862 281
1863 294
1864 244
1865 243
1866 285
1867 242
1868 242
1869 364
1870 251
1871 245
1872 244
1873 247
1874 246
1875 237
1876 248
1877 243
1878 244
1879 246
1880 236
1881 245
1882 247
1883 249
1884 246
1885 239
1886 234
1887 245
1888 248
1889 248
1890 236
1891 243
1892 283
1893 525
1894 401
1895 240
1896 247
1897 235
1898 236
1899 247
1900 243
1901 245
1902 246
1903 247
1904 235
1905 246
1906 239
1907 244
1908 281
1909 237
1910 236
1911 247
1912 311
1913 246
1914 247
1915 238
1916 232
1917 249
1918 302
1919 313
1920 241
1921 246
1922 236
1923 235
1924 236
1925 245
1926 244
1927 238
1928 234
1929 246
1930 247
1931 248
1932 238
1933 242
1934 237
1935 247
1936 246
1937 249
1938 239
1939 235
1940 234
1941 245
1942 236
1943 234
1944 238
1945 232
1946 249
1947 237
1948 245
1949 244
1950 243
1951 248
1952 228
1953 243
1954 241
1955 236
1956 246
1957 243
1958 242
1959 246
1960 359
1961 235
1962 229
1963 241
1964 322
1965 238
1966 244
1967 244
1968 236
1969 234
1970 310
1971 303
1972 240
1973 236
1974 248
1975 235
1976 239
1977 238
1978 236
1979 241
1980 233
1981 240
1982 248
1983 245
1984 239
1985 244
1986 236
1987 237
1988 247
1989 245
1990 242
1991 244
1992 245
1993 248
1994 379
1995 320
1996 235
1997 241
1998 233
1999 236
2000 241
2001 239
2002 240
2003 239
2004 238
2005 237
2006 237
2007 238
2008 240
2009 238
2010 269
2011 315
2012 322
2013 335
2014 231
2015 283
2016 279
2017 238
2018 236
2019 243
2020 241
2021 244
2022 333
2023 254
2024 231
2025 245
2026 246
2027 175
2028 237
2029 233
2030 243
2031 242
2032 228
2033 226
2034 236
2035 239
2036 241
2037 232
2038 243
2039 242
2040 240
2041 239
2042 231
2043 224
2044 238
2045 241
2046 231
2047 310
2048 274
2049 232
2050 231
2051 239
2052 238
2053 239
2054 241
2055 241
2056 237
2057 225
2058 239
2059 234
2060 246
2061 227
2062 234
2063 243
2064 240
2065 231
2066 243
2067 239
2068 332
2069 239
2070 241
2071 239
2072 236
2073 243
2074 313
2075 304
2076 232
2077 246
2078 243
2079 245
2080 236
2081 227
2082 241
2083 244
2084 242
2085 235
2086 242
2087 244
2088 242
2089 241
2090 227
2091 232
2092 242
2093 236
2094 242
2095 240
2096 229
2097 239
2098 242
2099 239
2100 231
2101 232
2102 227
2103 234
2104 229
2105 234
2106 231
2107 243
2108 233
2109 247
2110 235
2111 242
2112 240
2113 242
2114 228
2115 239
2116 266
2117 243
2118 245
2119 241
2120 260
2121 312
2122 229
2123 226
2124 242
2125 409
2126 301
2127 357
2128 239
2129 258
2130 242
2131 245
2132 256
2133 241
2134 246
2135 251
2136 240
2137 231
2138 235
2139 247
2140 247
2141 248
2142 252
2143 242
2144 249
2145 242
2146 245
2147 240
2148 233
2149 250
2150 247
2151 240
2152 243
2153 232
2154 247
2155 240
2156 245
2157 240
2158 249
2159 252
2160 245
2161 239
2162 229
2163 249
2164 251
2165 251
2166 249
2167 250
2168 238
2169 248
2170 250
2171 271
2172 250
2173 251
2174 252
2175 273
2176 249
2177 242
2178 369
2179 246
2180 240
2181 247
2182 245
2183 237
2184 250
2185 246
2186 248
2187 249
2188 250
2189 240
2190 243
2191 247
2192 250
2193 230
2194 249
2195 251
2196 248
2197 244
2198 240
2199 251
2200 240
2201 238
2202 246
2203 251
2204 249
2205 247
2206 231
2207 246
2208 251
2209 236
2210 248
2211 245
2212 250
2213 240
2214 242
2215 251
2216 247
2217 247
2218 249
2219 233
2220 251
2221 248
2222 240
2223 269
2224 249
2225 229
2226 252
2227 252
2228 247
2229 311
2230 309
2231 246
2232 252
2233 241
2234 232
2235 251
2236 248
2237 254
2238 253
2239 250
2240 251
2241 251
2242 243
2243 249
2244 252
2245 247
2246 247
2247 236
2248 237
2249 245
2250 247
2251 248
2252 240
2253 245
2254 253
2255 251
2256 241
2257 242
2258 249
2259 248
2260 243
2261 249
2262 231
2263 247
2264 238
2265 246
2266 248
2267 242
2268 251
2269 283
2270 247
2271 252
2272 246
2273 243
2274 247
2275 283
2276 251
2277 252
2278 246
2279 251
2280 253
2281 374
2282 248
2283 238
2284 235
2285 246
2286 250
2287 253
2288 237
2289 237
2290 251
2291 248
2292 243
2293 229
2294 243
2295 239
2296 244
2297 244
2298 235
2299 233
2300 271
2301 306
2302 246
2303 241
2304 236
2305 240
2306 234
2307 249
2308 237
2309 249
2310 252
2311 238
2312 248
2313 242
2314 236
2315 244
2316 244
2317 248
2318 243
2319 252
2320 247
2321 249
2322 248
2323 251
2324 243
2325 237
2326 344
2327 250
2328 246
2329 241
2330 250
2331 250
2332 302
2333 299
2334 248
2335 242
2336 246
2337 247
2338 243
2339 247
2340 239
2341 250
2342 246
2343 247
2344 239
2345 239
2346 249
2347 246
2348 244
2349 241
2350 241
2351 252
2352 242
2353 232
2354 232
2355 236
2356 244
2357 243
2358 235
2359 241
2360 246
2361 249
2362 242
2363 249
2364 249
2365 237
2366 238
2367 242
2368 237
2369 236
2370 232
2371 244
2372 248
2373 286
2374 284
2375 247
2376 250
2377 250
2378 246
2379 250
2380 236
2381 235
2382 240
2383 270
2384 286
2385 312
2386 241
2387 241
2388 243
2389 243
2390 250
2391 233
2392 247
2393 245
2394 238
2395 249
2396 248
2397 233
2398 241
2399 247
2400 241
2401 244
2402 246
2403 241
2404 248
2405 247
2406 243
2407 249
2408 247
2409 247
2410 245
2411 236
2412 236
2413 251
2414 242
2415 250
2416 244
2417 244
2418 240
2419 242
2420 230
2421 245
2422 248
2423 210
2424 243
2425 239
2426 247
2427 231
2428 237
2429 245
2430 252
2431 247
2432 240
2433 245
2434 239
2435 249
2436 285
2437 307
2438 246
2439 238
2440 242
2441 234
2442 250
2443 249
2444 242
2445 241
2446 242
2447 235
2448 228
2449 238
2450 238
2451 237
2452 240
2453 241
2454 227
2455 240
2456 232
2457 236
2458 254
2459 238
2460 245
2461 240
2462 245
2463 232
2464 229
2465 241
2466 227
2467 238
2468 238
2469 235
2470 235
2471 244
2472 234
2473 243
2474 241
2475 244
2476 242
2477 243
2478 279
2479 275
2480 286
2481 242
2482 231
2483 324
2484 241
2485 244
2486 241
2487 239
2488 229
2489 298
2490 309
2491 239
2492 237
2493 227
2494 242
2495 242
2496 241
2497 235
2498 243
2499 235
2500 229
2501 239
2502 239
2503 230
2504 241
2505 240
2506 239
2507 235
2508 234
2509 226
2510 240
2511 247
2512 228
2513 314
2514 336
2515 240
2516 242
2517 226
2518 235
2519 224
2520 244
2521 232
2522 243
2523 242
2524 230
2525 233
2526 231
2527 246
2528 234
2529 237
2530 242
2531 271
2532 246
2533 228
2534 244
2535 339
2536 246
2537 239
2538 241
2539 243
2540 243
2541 323
2542 305
2543 232
2544 232
2545 236
2546 234
2547 241
2548 238
2549 234
2550 237
2551 240
2552 240
2553 241
2554 230
2555 246
2556 239
2557 241
2558 232
2559 246
2560 236
2561 243
2562 241
2563 239
2564 233
2565 245
2566 242
2567 224
2568 243
2569 223
2570 234
2571 239
2572 243
2573 232
2574 235
2575 243
2576 246
2577 230
2578 233
2579 239
2580 238
2581 244
2582 242
2583 349
2584 279
2585 257
2586 359
2587 417
2588 549
2589 426
2590 281
2591 295
2592 421
2593 245
2594 239
2595 244
2596 250
2597 234
2598 232
2599 304
2600 233
2601 245
2602 244
2603 230
2604 239
2605 236
2606 240
2607 246
2608 226
2609 245
2610 240
2611 232
2612 268
2613 397
2614 246
2615 229
2616 241
2617 235
2618 240
2619 239
2620 236
2621 244
2622 245
2623 239
2624 241
2625 240
2626 237
2627 245
2628 324
2629 316
2630 443
2631 402
2632 337
2633 268
2634 325
2635 276
2636 245
2637 240
2638 226
2639 283
2640 393
2641 310
2642 226
2643 265
2644 243
2645 252
2646 238
2647 241
2648 238
2649 242
2650 236
2651 246
2652 230
2653 277
2654 244
2655 231
2656 249
2657 237
2658 249
2659 234
2660 246
2661 248
2662 238
2663 238
2664 241
2665 246
2666 236
2667 238
2668 244
2669 243
2670 245
2671 239
2672 245
2673 246
2674 244
2675 248
2676 242
2677 241
2678 235
2679 291
2680 513
2681 234
2682 239
2683 312
2684 242
2685 233
2686 241
2687 238
2688 241
2689 235
2690 380
2691 241
2692 234
2693 242
2694 243
2695 237
2696 231
2697 238
2698 244
2699 246
2700 246
2701 240
2702 240
2703 241
2704 246
2705 232
2706 244
2707 247
2708 249
2709 239
2710 238
2711 230
2712 186
2713 243
2714 229
2715 245
2716 245
2717 240
2718 273
2719 235
2720 236
2721 239
2722 232
2723 241
2724 233
2725 243
2726 232
2727 244
2728 234
2729 235
2730 238
2731 306
2732 238
2733 240
2734 236
2735 337
2736 322
2737 239
2738 239
2739 238
2740 241
2741 239
2742 377
2743 237
2744 232
2745 245
2746 241
2747 244
2748 265
2749 245
2750 244
2751 239
2752 248
2753 244
2754 251
2755 249
2756 238
2757 250
2758 245
2759 241
2760 250
2761 250
2762 244
2763 246
2764 241
2765 241
2766 245
2767 240
2768 253
2769 245
2770 252
2771 248
2772 245
2773 251
2774 237
2775 250
2776 245
2777 243
2778 248
2779 248
2780 249
2781 244
2782 295
2783 241
2784 237
2785 239
2786 253
2787 268
2788 248
2789 245
2790 244
2791 237
2792 246
2793 385
2794 235
2795 248
2796 255
2797 247
2798 253
2799 233
2800 251
2801 251
2802 249
2803 244
2804 248
2805 255
2806 249
2807 275
2808 247
2809 246
2810 247
2811 248
2812 248
2813 241
2814 245
2815 249
2816 307
2817 303
2818 231
2819 246
2820 234
2821 240
2822 248
2823 254
2824 246
2825 245
2826 243
2827 245
2828 254
2829 243
2830 239
2831 240
2832 241
2833 248
2834 240
2835 247
2836 237
2837 246
2838 245
2839 233
2840 245
2841 245
2842 237
2843 238
2844 311
2845 301
2846 246
2847 248
2848 254
2849 232
2850 244
2851 247
2852 246
2853 244
2854 245
2855 254
2856 248
2857 234
2858 244
2859 252
2860 245
2861 251
2862 252
2863 230
2864 246
2865 253
2866 251
2867 255
2868 232
2869 239
2870 248
2871 245
2872 248
2873 250
2874 244
2875 246
2876 252
2877 247
2878 251
2879 234
2880 247
2881 252
2882 254
2883 244
2884 247
2885 243
2886 251
2887 240
2888 249
2889 232
2890 242
2891 252
2892 235
2893 245
2894 237
2895 252
2896 301
2897 278
2898 238
2899 253
2900 252
2901 251
2902 249
2903 254
2904 246
2905 244
2906 241
2907 241
2908 254
2909 234
2910 240
2911 247
2912 253
2913 249
2914 244
2915 242
2916 251
2917 246
2918 252
2919 245
2920 254
2921 249
2922 246
2923 248
2924 247
2925 233
2926 248
2927 248
2928 244
2929 238
2930 252
2931 243
2932 250
2933 252
2934 248
2935 251
2936 255
2937 238
2938 247
2939 245
2940 248
2941 281
2942 248
2943 255
2944 235
2945 239
2946 250
2947 312
2948 313
2949 244
2950 234
2951 249
2952 240
2953 247
2954 245
2955 249
2956 235
2957 233
2958 229
2959 241
2960 249
2961 249
2962 239
2963 244
2964 230
2965 232
2966 244
2967 250
2968 239
2969 250
2970 248
2971 247
2972 255
2973 245
2974 237
2975 256
2976 229
2977 237
2978 247
2979 247
2980 231
2981 241
2982 246
2983 247
2984 244
2985 248
2986 245
2987 251
2988 241
2989 244
2990 244
2991 253
2992 249
2993 284
2994 234
2995 234
2996 233
2997 253
2998 237
2999 246
3000 347
3001 234
3002 253
3003 247
3004 245
3005 249
3006 246
3007 252
3008 246
3009 251
3010 249
3011 245
3012 234
3013 237
3014 235
3015 234
3016 241
3017 241
3018 249
3019 248
3020 235
3021 248
3022 245
3023 236
3024 252
3025 249
3026 252
3027 250
3028 240
3029 244
3030 249
3031 251
3032 253
3033 246
3034 240
3035 244
3036 246
3037 250
3038 250
3039 234
3040 242
3041 250
3042 253
3043 243
3044 248
3045 307
3046 247
3047 244
3048 239
3049 250
3050 235
3051 300
3052 301
3053 243
3054 244
3055 251
3056 243
3057 244
3058 253
3059 234
3060 239
3061 242
3062 242
3063 241
3064 248
3065 234
3066 276
3067 335
3068 278
3069 226
3070 245
3071 335
3072 236
3073 336
3074 241
3075 341
3076 235
3077 329
3078 334
3079 247
3080 250
3081 230
3082 240
3083 244
3084 243
3085 242
3086 229
3087 242
3088 250
3089 237
3090 293
3091 244
3092 244
3093 249
3094 243
3095 240
3096 399
3097 250
3098 252
3099 244
3100 235
3101 229
3102 307
3103 276
3104 251
3105 248
3106 246
3107 243
3108 234
3109 247
3110 245
3111 237
3112 238
3113 250
3114 242
3115 247
3116 240
3117 234
3118 246
3119 256
3120 243
3121 248
3122 327
3123 338
3124 242
3125 243
3126 374
3127 238
3128 348
3129 241
3130 232
3131 244
3132 248
3133 246
3134 245
3135 240
3136 239
3137 232
3138 240
3139 249
3140 291
3141 249
3142 235
3143 233
3144 236
3145 267
3146 495
3147 328
3148 238
3149 247
3150 231
3151 245
3152 296
3153 285
3154 239
3155 239
3156 247
3157 249
3158 244
3159 248
3160 246
3161 238
3162 231
3163 236
3164 245
3165 279
3166 242
3167 244
3168 240
3169 228
3170 244
3171 240
3172 235
3173 237
3174 237
3175 236
3176 244
3177 230
3178 247
3179 237
3180 240
3181 247
3182 243
3183 241
3184 243
3185 243
3186 240
3187 233
3188 232
3189 228
3190 242
3191 264
3192 301
3193 245
3194 249
3195 240
3196 340
3197 239
3198 238
3199 235
3200 234
3201 240
3202 303
3203 297
3204 240
3205 246
3206 244
3207 233
3208 250
3209 248
3210 247
3211 244
3212 243
3213 247
3214 233
3215 245
3216 248
3217 248
3218 239
3219 240
3220 232
3221 245
3222 232
3223 241
3224 228
3225 235
3226 243
3227 246
3228 244
3229 243
3230 234
3231 245
3232 235
3233 234
3234 247
3235 238
3236 243
3237 259
3238 248
3239 243
3240 244
3241 247
3242 236
3243 261
3244 259
3245 247
3246 245
3247 238
3248 393
3249 279
3250 242
3251 240
3252 268
3253 243
3254 246
3255 371
3256 241
3257 241
3258 249
3259 244
3260 233
3261 245
3262 241
3263 243
3264 245
3265 237
3266 234
3267 245
3268 243
3269 237
3270 238
3271 237
3272 248
3273 241
3274 248
3275 235
3276 247
3277 268
3278 230
3279 242
3280 239
3281 247
3282 258
3283 234
3284 236
3285 230
3286 247
3287 244
3288 243
3289 257
3290 243
3291 248
3292 246
3293 240
3294 239
3295 367
3296 277
3297 245
3298 236
3299 474
3300 233
3301 239
3302 232
3303 243
3304 230
3305 246
3306 357
3307 301
3308 241
3309 239
3310 229
3311 243
3312 246
3313 244
3314 236
3315 231
3316 239
3317 207
3318 242
3319 236
3320 241
3321 234
3322 235
3323 238
3324 234
3325 228
3326 243
3327 245
3328 231
3329 241
3330 235
3331 231
3332 245
3333 242
3334 230
3335 242
3336 240
3337 231
3338 227
3339 231
3340 233
3341 237
3342 236
3343 246
3344 234
3345 243
3346 239
3347 309
3348 245
3349 230
3350 244
3351 316
3352 238
3353 242
3354 230
3355 247
3356 234
3357 300
3358 296
3359 228
3360 241
3361 234
3362 244
3363 241
3364 243
3365 239
3366 242
3367 238
3368 241
3369 241
3370 238
3371 248
3372 245
3373 239
3374 240
3375 243
3376 235
3377 244
3378 223
3379 230
3380 236
3381 240
3382 242
3383 234
3384 232
3385 231
3386 236
3387 238
3388 242
3389 236
3390 237
3391 243
3392 236
3393 244
3394 244
3395 233
3396 238
3397 233
3398 244
3399 237
3400 235
3401 232
3402 237
3403 244
3404 296
3405 341
3406 240
3407 245
3408 246
3409 236
3410 301
3411 296
3412 241
3413 231
3414 245
3415 243
3416 244
3417 234
3418 245
3419 232
3420 238
3421 243
3422 245
3423 246
3424 236
3425 233
3426 226
3427 238
3428 230
3429 232
3430 243
3431 244
3432 239
3433 239
3434 241
3435 234
3436 239
3437 243
3438 230
3439 244
3440 238
3441 244
3442 229
3443 240
3444 232
3445 241
3446 244
3447 237
3448 243
3449 244
3450 240
3451 235
3452 339
3453 248
3454 242
3455 243
3456 328
3457 244
3458 244
3459 243
3460 242
3461 228
3462 274
3463 307
3464 231
3465 234
3466 239
3467 232
3468 237
3469 242
3470 239
3471 236
3472 233
3473 246
3474 241
3475 237
3476 242
3477 237
3478 240
3479 244
3480 242
3481 237
3482 228
3483 239
3484 240
3485 240
3486 236
3487 246
3488 242
3489 246
3490 238
3491 239
3492 238
3493 240
3494 239
3495 243
3496 244
3497 243
3498 239
3499 238
3500 241
3501 238
3502 245
3503 244
3504 292
3505 296
3506 253
3507 239
3508 253
3509 281
3510 238
3511 241
3512 234
3513 238
3514 245
3515 348
3516 227
3517 231
3518 241
3519 234
3520 239
3521 239
3522 241
3523 236
3524 239
3525 330
3526 270
3527 241
3528 243
3529 244
3530 234
3531 244
3532 244
3533 239
3534 239
3535 234
3536 237
3537 227
3538 243
3539 244
3540 242
3541 235
3542 244
3543 240
3544 240
3545 241
3546 238
3547 234
3548 242
3549 241
3550 230
3551 241
3552 241
3553 240
3554 242
3555 243
3556 325
3557 241
3558 231
3559 232
3560 320
3561 267
3562 245
3563 238
3564 226
3565 226
3566 230
3567 348
3568 263
3569 240
3570 241
3571 235
3572 227
3573 223
3574 234
3575 225
3576 238
3577 230
3578 237
3579 242
3580 238
3581 241
3582 247
3583 236
3584 239
3585 229
3586 234
3587 241
3588 234
3589 237
3590 234
3591 243
3592 230
3593 246
3594 238
3595 241
3596 233
3597 240
3598 244
3599 244
3600 235
3601 239
3602 241
3603 243
3604 231
3605 246
3606 234
3607 239
3608 489
3609 357
3610 244
3611 230
3612 369
3613 232
3614 240
3615 234
3616 303
3617 238
3618 309
3619 304
3620 220
3621 228
3622 243
3623 242
3624 235
3625 239
3626 237
3627 241
3628 241
3629 236
3630 234
3631 235
3632 244
3633 239
3634 242
3635 235
3636 233
3637 241
3638 244
3639 238
3640 353
3641 242
3642 234
3643 234
3644 238
3645 239
3646 245
3647 231
3648 240
3649 243
3650 236
3651 242
3652 232
3653 237
3654 235
3655 237
3656 232
3657 262
3658 244
3659 297
3660 288
3661 232
3662 244
3663 260
3664 340
3665 240
3666 239
3667 227
3668 235
3669 244
3670 307
3671 261
3672 242
3673 232
3674 242
3675 238
3676 234
3677 231
3678 243
3679 241
3680 245
3681 242
3682 239
3683 235
3684 241
3685 230
3686 232
3687 236
3688 239
3689 228
3690 243
3691 234
3692 235
3693 230
3694 239
3695 237
3696 242
3697 238
3698 240
3699 232
3700 223
3701 244
3702 242
3703 240
3704 238
3705 231
3706 246
3707 243
3708 241
3709 242
3710 235
3711 241
3712 377
3713 244
3714 244
3715 244
3716 445
3717 237
3718 238
3719 240
3720 234
3721 242
3722 304
3723 308
3724 240
3725 247
3726 238
3727 243
3728 243
3729 240
3730 344
3731 337
3732 248
3733 226
3734 242
3735 243
3736 276
3737 229
3738 232
3739 239
3740 244
3741 240
3742 241
3743 246
3744 239
3745 243
3746 241
3747 239
3748 240
3749 240
3750 232
3751 240
3752 246
3753 234
3754 242
3755 243
3756 227
3757 239
3758 235
3759 231
3760 231
3761 242
3762 242
3763 346
3764 242
3765 247
3766 243
3767 361
3768 245
3769 240
3770 236
3771 235
3772 241
3773 313
3774 309
3775 236
3776 244
3777 246
3778 244
3779 229
3780 243
3781 246
3782 243
3783 235
3784 230
3785 238
3786 241
3787 245
3788 245
3789 240
3790 243
3791 234
3792 233
3793 246
3794 244
3795 239
3796 247
3797 231
3798 247
3799 228
3800 232
3801 245
3802 232
3803 244
3804 238
3805 241
3806 234
3807 243
3808 241
3809 247
3810 233
3811 242
3812 244
3813 244
3814 231
3815 284
3816 297
3817 242
3818 246
3819 316
3820 241
3821 235
3822 247
3823 244
3824 227
3825 314
3826 309
3827 232
3828 243
3829 221
3830 244
3831 247
3832 245
3833 245
3834 246
3835 325
3836 323
3837 233
3838 239
3839 238
3840 246
3841 241
3842 247
3843 242
3844 236
3845 249
3846 241
3847 247
3848 238
3849 243
3850 227
3851 237
3852 244
3853 246
3854 243
3855 244
3856 244
3857 245
3858 246
3859 244
3860 276
3861 246
3862 243
3863 239
3864 237
3865 243
3866 235
3867 238
3868 246
3869 228
3870 262
3871 287
3872 244
3873 248
3874 247
3875 239
3876 244
3877 372
3878 242
3879 228
3880 239
3881 236
3882 242
3883 246
3884 249
3885 242
3886 236
3887 250
3888 229
3889 239
3890 238
3891 241
3892 245
3893 227
3894 245
3895 243
3896 236
3897 240
3898 245
3899 236
3900 247
3901 245
3902 246
3903 247
3904 236
3905 235
3906 240
3907 249
3908 230
3909 247
3910 242
3911 239
3912 238
3913 236
3914 234
3915 247
3916 235
3917 246
3918 301
3919 243
3920 241
3921 243
3922 244
3923 390
3924 241
3925 245
3926 247
3927 242
3928 238
3929 347
3930 239
3931 240
3932 231
3933 244
3934 243
3935 229
3936 241
3937 244
3938 234
3939 243
3940 242
3941 238
3942 247
3943 238
3944 230
3945 233
3946 245
3947 241
3948 243
3949 247
3950 237
3951 244
3952 249
3953 236
3954 243
3955 247
3956 244
3957 244
3958 261
3959 245
3960 248
3961 237
3962 243
3963 236
3964 248
3965 247
3966 248
3967 250
3968 246
3969 221
3970 352
3971 271
3972 245
3973 242
3974 390
3975 244
3976 247
3977 231
3978 231
3979 234
3980 232
3981 334
3982 243
3983 239
3984 234
3985 246
3986 243
3987 245
3988 233
3989 236
3990 319
3991 239
3992 249
3993 246
3994 238
3995 242
3996 235
3997 247
3998 233
3999 248
4000 246
4001 277
4002 244
4003 236
4004 247
4005 249
4006 245
4007 243
4008 247
4009 246
4010 238
4011 245
4012 240
4013 238
4014 241
4015 242
4016 244
4017 230
4018 236
4019 245
4020 242
4021 292
4022 287
4023 264
4024 230
4025 261
4026 330
4027 245
4028 237
4029 268
4030 242
4031 247
4032 382
4033 245
4034 243
4035 242
4036 244
4037 238
4038 229
4039 226
4040 240
4041 248
4042 235
4043 225
4044 247
4045 248
4046 245
4047 233
4048 245
4049 272
4050 230
4051 234
4052 245
4053 251
4054 231
4055 235
4056 244
4057 247
4058 242
4059 244
4060 246
4061 237
4062 247
4063 241
4064 244
4065 227
4066 242
4067 228
4068 240
4069 245
4070 231
4071 236
4072 246
4073 360
4074 360
4075 369
4076 242
4077 353
4078 227
4079 229
4080 243
4081 247
4082 231
4083 282
4084 299
4085 240
4086 242
4087 238
4088 238
4089 410
4090 239
4091 243
4092 226
4093 236
4094 238
4095 242
4096 236
4097 232
4098 232
4099 240
4100 237
4101 241
4102 244
4103 243
4104 236
4105 241
4106 234
4107 235
4108 232
4109 243
4110 230
4111 227
4112 231
4113 239
4114 228
4115 236
4116 244
4117 229
4118 238
4119 241
4120 233
4121 243
4122 241
4123 240
4124 284
4125 241
4126 242
4127 243
4128 138
4129 386
4130 284
4131 283
4132 233
4133 244
4134 237
4135 283
4136 306
4137 228
4138 230
4139 246
4140 240
4141 246
4142 231
4143 244
4144 269
4145 400
4146 341
4147 241
4148 229
4149 245
4150 347
4151 262
4152 240
4153 283
4154 241
4155 245
4156 227
4157 267
4158 263
4159 237
4160 238
4161 240
4162 243
4163 230
4164 244
4165 241
4166 240
4167 246
4168 410
4169 372
4170 254
4171 246
4172 230
4173 385
4174 308
4175 431
4176 400
4177 235
4178 459
4179 244
4180 235
4181 244
4182 280
4183 243
4184 293
4185 308
4186 244
4187 238
4188 237
4189 228
4190 233
4191 241
4192 245
4193 232
4194 241
4195 230
4196 223
4197 246
4198 228
4199 241
4200 246
4201 240
4202 233
4203 226
4204 240
4205 241
4206 239
4207 230
4208 242
4209 243
4210 242
4211 243
4212 239
4213 242
4214 235
4215 236
4216 225
4217 236
4218 241
4219 239
4220 244
4221 241
4222 245
4223 287
4224 236
4225 232
4226 227
4227 236
4228 362
4229 241
4230 237
4231 230
4232 245
4233 243
4234 361
4235 230
4236 239
4237 241
4238 242
4239 228
4240 238
4241 245
4242 236
4243 229
4244 245
4245 243
4246 235
4247 229
4248 246
4249 241
4250 246
4251 240
4252 232
4253 246
4254 241
4255 242
4256 243
4257 242
4258 232
4259 244
4260 237
4261 242
4262 268
4263 242
4264 243
4265 249
4266 244
4267 242
4268 233
4269 240
4270 227
4271 240
4272 242
4273 236
4274 224
4275 263
4276 330
4277 234
4278 241
4279 240
4280 462
4281 295
4282 231
4283 279
4284 228
4285 226
4286 308
4287 300
4288 245
4289 241
4290 235
4291 237
4292 262
4293 240
4294 251
4295 248
4296 243
4297 244
4298 238
4299 250
4300 237
4301 241
4302 243
4303 246
4304 245
4305 247
4306 243
4307 239
4308 232
4309 239
4310 249
4311 235
4312 238
4313 247
4314 238
4315 248
4316 246
4317 249
4318 250
4319 242
4320 248
4321 248
4322 243
4323 238
4324 250
4325 242
4326 244
4327 249
4328 227
4329 230
4330 246
4331 363
4332 253
4333 246
4334 252
4335 246
4336 241
4337 394
4338 304
4339 233
4340 248
4341 239
4342 280
4343 253
4344 251
4345 331
4346 195
4347 243
4348 324
4349 236
4350 315
4351 319
4352 250
4353 304
4354 236
4355 349
4356 247
4357 307
4358 375
4359 296
4360 240
4361 357
4362 237
4363 299
4364 239
4365 269
4366 276
4367 252
4368 304
4369 248
4370 280
4371 315
4372 239
4373 249
4374 298
4375 249
4376 303
4377 289
4378 335
4379 243
4380 272
4381 249
4382 252
4383 244
4384 330
4385 236
4386 245
4387 280
4388 242
4389 245
4390 250
4391 240
4392 246
4393 250
4394 245
4395 235
4396 247
4397 245
4398 240
4399 236
4400 247
4401 250
4402 277
4403 240
4404 246
4405 246
4406 248
4407 235
4408 237
4409 246
4410 239
4411 247
4412 234
4413 238
4414 245
4415 246
4416 243
4417 250
4418 237
4419 235
4420 239
4421 246
4422 249
4423 246
4424 237
4425 250
4426 279
4427 250
4428 251
4429 270
4430 235
4431 245
4432 241
4433 237
4434 176
4435 319
4436 318
4437 234
4438 247
4439 240
4440 234
4441 251
4442 252
4443 252
4444 248
4445 308
4446 233
4447 249
4448 248
4449 242
4450 233
4451 250
4452 250
4453 243
4454 249
4455 251
4456 246
4457 245
4458 247
4459 242
4460 239
4461 236
4462 250
4463 252
4464 273
4465 249
4466 248
4467 231
4468 236
4469 250
4470 250
4471 244
4472 234
4473 247
4474 246
4475 252
4476 250
4477 268
4478 272
4479 249
4480 434
4481 250
4482 250
4483 227
4484 250
4485 244
4486 309
4487 373
4488 420
4489 252
4490 226
4491 250
4492 247
4493 247
4494 248
4495 249
4496 253
4497 254
4498 229
4499 249
4500 251
4501 251
4502 239
4503 252
4504 250
4505 231
4506 213
4507 247
4508 245
4509 244
4510 248
4511 244
4512 236
4513 246
4514 255
4515 249
4516 235
4517 394
4518 539
4519 291
4520 247
4521 238
4522 244
4523 235
4524 245
4525 247
4526 238
4527 253
4528 248
4529 246
4530 242
4531 246
4532 245
4533 249
4534 249
4535 306
4536 297
4537 248
4538 241
4539 235
4540 235
4541 250
4542 251
4543 248
4544 236
4545 253
4546 242
4547 247
4548 245
4549 244
4550 235
4551 245
4552 235
4553 241
4554 249
4555 280
4556 239
4557 232
4558 248
4559 232
4560 246
4561 250
4562 250
4563 248
4564 238
4565 238
4566 251
4567 246
4568 240
4569 248
4570 244
4571 243
4572 238
4573 246
4574 240
4575 235
4576 241
4577 247
4578 228
4579 235
4580 248
4581 239
4582 244
4583 247
4584 240
4585 238
4586 251
4587 298
4588 295
4589 247
4590 243
4591 245
4592 247
4593 248
4594 236
4595 235
4596 235
4597 234
4598 246
4599 245
4600 241
4601 244
4602 249
4603 248
4604 237
4605 249
4606 246
4607 242
4608 249
4609 248
4610 247
4611 249
4612 231
4613 238
4614 238
4615 237
4616 338
4617 283
4618 236
4619 241
4620 242
4621 237
4622 229
4623 245
4624 244
4625 250
4626 230
4627 248
4628 242
4629 238
4630 248
4631 238
4632 246
4633 330
4634 250
4635 235
4636 250
4637 242
4638 238
4639 306
4640 314
4641 238
4642 235
4643 242
4644 241
4645 242
4646 243
4647 246
4648 240
4649 237
4650 246
4651 246
4652 247
4653 249
4654 244
4655 233
4656 245
4657 237
4658 241
4659 250
4660 246
4661 238
4662 238
4663 238
4664 248
4665 237
4666 238
4667 245
4668 248
4669 237
4670 237
4671 238
4672 247
4673 251
4674 248
4675 251
4676 248
4677 247
4678 236
4679 251
4680 283
4681 245
4682 250
4683 246
4684 239
4685 246
4686 244
4687 249
4688 237
4689 251
4690 240
4691 380
4692 250
4693 239
4694 238
4695 251
4696 240
4697 252
4698 247
4699 251
4700 244
4701 237
4702 245
4703 246
4704 235
4705 246
4706 251
4707 246
4708 247
4709 246
4710 249
4711 241
4712 248
4713 233
4714 247
4715 247
4716 237
4717 244
4718 251
4719 247
4720 244
4721 238
4722 246
4723 242
4724 243
4725 236
4726 250
4727 247
4728 238
4729 235
4730 239
4731 239
4732 234
4733 249
4734 252
4735 248
4736 241
4737 285
4738 233
4739 249
4740 250
4741 245
4742 243
4743 345
4744 240
4745 235
4746 248
4747 247
4748 249
4749 245
4750 239
4751 247
4752 236
4753 246
4754 246
4755 247
4756 241
4757 247
4758 250
4759 240
4760 249
4761 249
4762 240
4763 246
4764 238
4765 245
4766 248
4767 246
4768 233
4769 242
4770 249
4771 245
4772 243
4773 253
4774 245
4775 251
4776 238
4777 247
4778 250
4779 238
4780 245
4781 246
4782 247
4783 252
4784 242
4785 249
4786 238
4787 303
4788 442
4789 407
4790 357
4791 463
4792 288
4793 278
4794 245
4795 359
4796 294
4797 301
4798 296
4799 250
4800 252
4801 246
4802 245
4803 248
4804 300
4805 251
4806 249
4807 242
4808 250
4809 407
4810 354
4811 315
4812 522
4813 343
4814 468
4815 365
4816 433
4817 604
4818 606
4819 674
4820 742
4821 406
4822 234
4823 237
4824 236
4825 235
4826 246
4827 489
4828 482
4829 468
4830 687
4831 784
4832 560
4833 881
4834 720
4835 474
4836 309
4837 306
4838 285
4839 283
4840 280
4841 265
4842 286
4843 280
4844 277
4845 278
4846 259
4847 272
4848 270
4849 277
4850 273
4851 273
4852 283
4853 269
4854 277
4855 351
4856 290
4857 233
4858 259
4859 253
4860 251
4861 234
4862 348
4863 299
4864 253
4865 259
4866 247
4867 241
4868 238
4869 247
4870 252
4871 275
4872 271
4873 276
4874 259
4875 257
4876 271
4877 267
4878 272
4879 258
4880 255
4881 256
4882 274
4883 255
4884 273
4885 270
4886 266
4887 275
4888 272
4889 258
4890 273
4891 273
4892 270
4893 272
4894 262
4895 273
4896 265
4897 270
4898 265
4899 270
4900 268
4901 264
4902 266
4903 274
4904 267
4905 272
4906 272
4907 257
4908 284
4909 271
4910 266
4911 300
4912 254
4913 306
4914 266
4915 267
4916 264
4917 264
4918 272
4919 271
4920 253
4921 261
4922 267
4923 262
4924 261
4925 267
4926 263
4927 264
4928 270
4929 260
4930 269
4931 263
4932 255
4933 265
4934 263
4935 256
4936 256
4937 271
4938 259
4939 259
4940 264
4941 248
4942 269
4943 253
4944 267
4945 268
4946 270
4947 272
4948 266
4949 262
4950 269
4951 273
4952 267
4953 271
4954 262
4955 262
4956 306
4957 269
4958 265
4959 269
4960 263
4961 316
4962 317
4963 255
4964 274
4965 269
4966 248
4967 258
4968 263
4969 256
4970 273
4971 274
4972 263
4973 270
4974 267
4975 266
4976 274
4977 269
4978 272
4979 266
4980 267
4981 271
4982 251
4983 269
4984 271
4985 276
4986 268
4987 258
4988 263
4989 276
4990 269
4991 261
4992 268
4993 258
4994 262
4995 271
4996 277
4997 273
4998 269
4999 269
5000 260
5001 268
5002 276
5003 269
5004 285
5005 261
5006 264
5007 252
5008 270
5009 269
5010 303
5011 269
5012 271
5013 260
5014 266
5015 265
5016 260
5017 269
5018 209
5019 269
5020 259
5021 274
5022 269
5023 270
5024 269
5025 271
5026 250
5027 272
5028 262
5029 264
5030 269
5031 251
5032 265
5033 262
5034 258
5035 258
5036 249
5037 268
5038 270
5039 259
5040 262
5041 266
5042 263
5043 271
5044 275
5045 275
5046 270
5047 272
5048 275
5049 261
5050 272
5051 265
5052 285
5053 211
5054 259
5055 267
5056 265
5057 262
5058 308
5059 277
5060 273
5061 265
5062 266
5063 272
5064 271
5065 265
5066 271
5067 275
5068 263
5069 258
5070 268
5071 283
5072 250
5073 270
5074 301
5075 250
5076 259
5077 259
5078 265
5079 261
5080 258
5081 268
5082 269
5083 265
5084 267
5085 269
5086 261
5087 260
5088 262
5089 256
5090 267
5091 265
5092 261
5093 270
5094 263
5095 266
5096 268
5097 255
5098 261
5099 256
5100 268
5101 253
5102 255
5103 254
5104 270
5105 268
5106 254
5107 307
5108 263
5109 250
5110 250
5111 256
5112 266
5113 256
5114 259
5115 249
5116 260
5117 267
5118 266
5119 255
5120 268
5121 264
5122 265
5123 203
5124 253
5125 255
5126 260
5127 258
5128 268
5129 257
5130 266
5131 259
5132 265
5133 267
5134 264
5135 269
5136 267
5137 265
5138 254
5139 260
5140 254
5141 269
5142 266
5143 270
5144 253
5145 264
5146 249
5147 279
5148 259
5149 269
5150 256
5151 260
5152 262
5153 263
5154 257
5155 225
5156 306
5157 267
5158 271
5159 256
5160 262
5161 259
5162 244
5163 241
5164 242
5165 236
5166 249
5167 248
5168 240
5169 252
5170 243
5171 244
5172 239
5173 191
5174 249
5175 244
5176 238
5177 242
5178 250
5179 238
5180 246
5181 240
5182 247
5183 246
5184 244
5185 247
5186 247
5187 248
5188 203
5189 247
5190 238
5191 252
5192 233
5193 239
5194 250
5195 246
5196 238
5197 242
5198 248
5199 249
5200 244
5201 297
5202 235
5203 250
5204 249
5205 238
5206 250
5207 245
5208 328
5209 252
5210 248
5211 255
5212 251
5213 253
5214 250
5215 241
5216 242
5217 244
5218 239
5219 246
5220 254
5221 242
5222 247
5223 233
5224 246
5225 247
5226 250
5227 241
5228 243
5229 250
5230 251
5231 247
5232 256
5233 249
5234 253
5235 252
5236 250
5237 249
5238 252
5239 252
5240 289
5241 308
5242 273
5243 250
5244 249
5245 232
5246 251
5247 249
5248 240
5249 253
5250 249
5251 241
5252 239
5253 252
5254 240
5255 241
5256 248
5257 253
5258 281
5259 299
5260 249
5261 246
5262 245
5263 251
5264 243
5265 247
5266 251
5267 248
5268 239
5269 251
5270 235
5271 239
5272 249
5273 241
5274 255
5275 241
5276 240
5277 249
5278 251
5279 249
5280 248
5281 239
5282 246
5283 245
5284 250
5285 236
5286 253
5287 246
5288 235
5289 252
5290 247
5291 245
5292 242
5293 259
5294 248
5295 242
5296 240
5297 245
5298 250
5299 247
5300 299
5301 238
5302 241
5303 244
5304 247
5305 251
5306 252
5307 251
5308 248
5309 233
5310 396
5311 236
5312 237
5313 234
5314 241
5315 235
5316 237
5317 250
5318 245
5319 243
5320 245
5321 248
5322 251
5323 246
5324 249
5325 246
5326 240
5327 247
5328 245
5329 242
5330 249
5331 251
5332 249
5333 248
5334 248
5335 249
5336 237
5337 245
5338 249
5339 247
5340 248
5341 253
5342 252
5343 251
5344 242
5345 243
5346 246
5347 234
5348 240
5349 247
5350 249
5351 321
5352 239
5353 251
5354 241
5355 288
5356 242
5357 245
5358 248
5359 244
5360 244
5361 269
5362 345
5363 242
5364 252
5365 255
5366 247
5367 234
5368 242
5369 254
5370 251
5371 252
5372 238
5373 405
5374 237
5375 250
5376 252
5377 236
5378 245
5379 250
5380 243
5381 232
5382 248
5383 241
5384 249
5385 237
5386 249
5387 247
5388 252
5389 237
5390 249
5391 254
5392 250
5393 256
5394 252
5395 234
5396 253
5397 250
5398 251
5399 244
5400 247
5401 250
5402 253
5403 237
5404 248
5405 240
5406 312
5407 244
5408 250
5409 249
5410 239
5411 253
5412 297
5413 303
5414 251
5415 259
5416 239
5417 249
5418 247
5419 246
5420 247
5421 247
5422 240
5423 252
5424 248
5425 250
5426 242
5427 256
5428 251
5429 246
5430 235
5431 240
5432 249
5433 260
5434 249
5435 244
5436 247
5437 253
5438 250
5439 245
5440 245
5441 241
5442 233
5443 250
5444 243
5445 253
5446 246
5447 239
5448 249
5449 239
5450 241
5451 245
5452 241
5453 253
5454 237
5455 247
5456 412
5457 250
5458 300
5459 253
5460 238
5461 242
5462 241
5463 232
5464 307
5465 307
5466 249
5467 247
5468 239
5469 261
5470 246
5471 245
5472 239
5473 247
5474 232
5475 247
5476 246
5477 248
5478 253
5479 238
5480 231
5481 241
5482 242
5483 435
5484 272
5485 243
5486 247
5487 244
5488 176
5489 242
5490 237
5491 244
5492 230
5493 238
5494 233
5495 244
5496 239
5497 248
5498 245
5499 236
5500 246
5501 234
5502 248
5503 245
5504 316
5505 242
5506 247
5507 244
5508 421
5509 249
5510 252
5511 235
5512 246
5513 241
5514 305
5515 298
5516 244
5517 248
5518 229
5519 242
5520 247
5521 244
5522 240
5523 241
5524 244
5525 247
5526 241
5527 247
5528 226
5529 242
5530 237
5531 244
5532 240
5533 243
5534 249
5535 231
5536 241
5537 246
5538 234
5539 245
5540 232
5541 245
5542 141
5543 239
5544 244
5545 248
5546 238
5547 237
5548 244
5549 237
5550 230
5551 249
5552 241
5553 236
5554 243
5555 245
5556 373
5557 270
5558 245
5559 249
5560 371
5561 246
5562 245
5563 244
5564 249
5565 247
5566 329
5567 303
5568 217
5569 241
5570 238
5571 243
5572 246
5573 245
5574 245
5575 233
5576 248
5577 233
5578 234
5579 245
5580 247
5581 282
5582 244
5583 245
5584 240
5585 238
5586 249
5587 301
5588 247
5589 247
5590 246
5591 246
5592 233
5593 246
5594 246
5595 247
5596 273
5597 243
5598 244
5599 239
5600 244
5601 243
5602 246
5603 236
5604 239
5605 245
5606 240
5607 367
5608 236
5609 235
5610 250
5611 347
5612 241
5613 229
5614 238
5615 240
5616 241
5617 294
5618 305
5619 235
5620 229
5621 226
5622 241
5623 241
5624 236
5625 242
5626 233
5627 229
5628 237
5629 235
5630 245
5631 245
5632 309
5633 226
5634 231
5635 241
5636 241
5637 243
5638 245
5639 236
5640 232
5641 226
5642 237
5643 238
5644 230
5645 241
5646 241
5647 237
5648 244
5649 244
5650 239
5651 243
5652 241
5653 236
5654 242
5655 241
5656 241
5657 232
5658 243
5659 368
5660 230
5661 230
5662 232
5663 306
5664 232
5665 241
5666 233
5667 236
5668 233
5669 240
5670 364
5671 243
5672 237
5673 236
5674 234
5675 245
5676 243
5677 233
5678 239
5679 241
5680 235
5681 227
5682 234
5683 243
5684 241
5685 240
5686 225
5687 244
5688 236
5689 242
5690 247
5691 242
5692 246
5693 239
5694 244
5695 239
5696 244
5697 239
5698 236
5699 237
5700 245
5701 240
5702 238
5703 243
5704 244
5705 242
5706 244
5707 232
5708 231
5709 245
5710 243
5711 234
5712 311
5713 245
5714 239
5715 242
5716 346
5717 236
5718 244
5719 244
5720 237
5721 237
5722 309
5723 293
5724 243
5725 324
5726 241
5727 245
5728 234
5729 235
5730 242
5731 237
5732 246
5733 233
5734 240
5735 244
5736 245
5737 242
5738 241
5739 234
5740 229
5741 242
5742 239
5743 235
5744 241
5745 242
5746 264
5747 243
5748 233
5749 243
5750 240
5751 227
5752 241
5753 241
5754 243
5755 241
5756 244
5757 239
5758 245
5759 240
5760 243
5761 242
5762 239
5763 349
5764 282
5765 253
5766 243
5767 298
5768 338
5769 234
5770 237
5771 240
5772 228
5773 242
5774 367
5775 233
5776 239
5777 187
5778 243
5779 244
5780 245
5781 241
5782 228
5783 240
5784 336
5785 276
5786 232
5787 231
5788 246
5789 233
5790 242
5791 236
5792 244
5793 242
5794 241
5795 243
5796 238
5797 244
5798 244
5799 241
5800 242
5801 244
5802 236
5803 243
5804 235
5805 231
5806 244
5807 242
5808 239
5809 241
5810 235
5811 233
5812 227
5813 244
5814 242
5815 330
5816 240
5817 242
5818 231
5819 379
5820 242
5821 239
5822 241
5823 246
5824 243
5825 299
5826 292
5827 244
5828 233
5829 245
5830 243
5831 240
5832 243
5833 246
5834 239
5835 244
5836 240
5837 241
5838 242
5839 243
5840 290
5841 276
5842 242
5843 301
5844 311
5845 234
5846 334
5847 228
5848 238
5849 232
5850 238
5851 300
5852 247
5853 246
5854 250
5855 239
5856 228
5857 238
5858 241
5859 247
5860 243
5861 242
5862 232
5863 234
5864 236
5865 238
5866 365
5867 277
5868 238
5869 186
5870 235
5871 349
5872 383
5873 234
5874 247
5875 241
5876 245
5877 245
5878 246
5879 299
5880 301
5881 234
5882 243
5883 245
5884 231
5885 241
5886 246
5887 235
5888 242
5889 228
5890 238
5891 227
5892 243
5893 236
5894 239
5895 235
5896 240
5897 230
5898 245
5899 236
5900 242
5901 244
5902 246
5903 237
5904 226
5905 244
5906 240
5907 242
5908 245
5909 230
5910 238
5911 241
5912 246
5913 243
5914 229
5915 235
5916 245
5917 317
5918 255
5919 242
5920 243
5921 239
5922 426
5923 240
5924 245
5925 236
5926 237
5927 235
5928 287
5929 288
5930 243
5931 241
5932 241
5933 237
5934 240
5935 245
5936 232
5937 234
5938 245
5939 231
5940 244
5941 239
5942 243
5943 232
5944 248
5945 242
5946 245
5947 235
5948 245
5949 243
5950 242
5951 240
5952 241
5953 247
5954 244
5955 239
5956 241
5957 243
5958 230
5959 234
5960 244
5961 233
5962 245
5963 245
5964 240
5965 243
5966 239
5967 238
5968 237
5969 332
5970 277
5971 242
5972 230
5973 334
5974 251
5975 237
5976 244
5977 234
5978 243
5979 245
5980 336
5981 232
5982 241
5983 246
5984 240
5985 232
5986 244
5987 244
5988 230
5989 234
5990 244
5991 244
5992 241
5993 236
5994 242
5995 241
5996 245
5997 235
5998 238
5999 242
6000 241
6001 240
6002 243
6003 230
6004 233
6005 225
6006 228
6007 244
6008 234
6009 231
6010 240
6011 245
6012 236
6013 233
6014 237
6015 234
6016 242
6017 241
6018 231
6019 243
6020 232
6021 268
6022 310
6023 281
6024 245
6025 240
6026 486
6027 234
6028 242
6029 284
6030 242
6031 241
6032 333
6033 264
6034 245
6035 240
6036 240
6037 245
6038 242
6039 245
6040 240
6041 240
6042 227
6043 241
6044 244
6045 229
6046 281
6047 244
6048 241
6049 234
6050 229
6051 244
6052 230
6053 234
6054 240
6055 281
6056 242
6057 244
6058 243
6059 245
6060 241
6061 237
6062 241
6063 234
6064 230
6065 242
6066 242
6067 243
6068 245
6069 241
6070 245
6071 243
6072 235
6073 340
6074 240
6075 237
6076 243
6077 369
6078 245
6079 246
6080 246
6081 244
6082 242
6083 342
6084 242
6085 244
6086 241
6087 235
6088 234
6089 240
6090 230
6091 240
6092 227
6093 240
6094 246
6095 241
6096 241
6097 238
6098 308
6099 259
6100 246
6101 383
6102 234
6103 339
6104 238
6105 364
6106 248
6107 233
6108 367
6109 245
6110 432
6111 306
6112 236
6113 237
6114 299
6115 250
6116 229
6117 243
6118 249
6119 327
6120 277
6121 281
6122 246
6123 243
6124 236
6125 242
6126 402
6127 352
6128 242
6129 252
6130 239
6131 240
6132 240
6133 308
6134 307
6135 233
6136 250
6137 241
6138 245
6139 240
6140 236
6141 240
6142 240
6143 235
6144 243
6145 288
6146 271
6147 242
6148 237
6149 338
6150 352
6151 247
6152 236
6153 335
6154 249
6155 244
6156 358
6157 237
6158 244
6159 239
6160 242
6161 243
6162 244
6163 236
6164 240
6165 246
6166 239
6167 244
6168 244
6169 243
6170 312
6171 234
6172 227
6173 238
6174 234
6175 238
6176 276
6177 277
6178 241
6179 244
6180 242
6181 232
6182 232
6183 243
6184 273
6185 267
6186 240
6187 243
6188 240
6189 244
6190 245
6191 228
6192 228
6193 245
6194 245
6195 242
6196 234
6197 243
6198 245
6199 241
6200 241
6201 239
6202 230
6203 245
6204 243
6205 245
6206 220
6207 234
6208 246
6209 238
6210 243
6211 240
6212 235
6213 227
6214 238
6215 231
6216 231
6217 243
6218 236
6219 240
6220 244
6221 226
6222 236
6223 357
6224 246
6225 232
6226 239
6227 244
6228 368
6229 242
6230 229
6231 241
6232 240
6233 242
6234 243
6235 288
6236 300
6237 233
6238 233
6239 237
6240 245
6241 240
6242 236
6243 343
6244 334
6245 239
6246 230
6247 243
6248 245
6249 234
6250 245
6251 228
6252 244
6253 229
6254 246
6255 228
6256 240
6257 231
6258 226
6259 237
6260 240
6261 234
6262 228
6263 228
6264 244
6265 240
6266 236
6267 234
6268 244
6269 246
6270 234
6271 241
6272 236
6273 236
6274 260
6275 318
6276 242
6277 244
6278 243
6279 287
6280 468
6281 233
6282 232
6283 298
6284 243
6285 240
6286 366
6287 232
6288 238
6289 240
6290 238
6291 241
6292 231
6293 242
6294 238
6295 243
6296 233
6297 245
6298 243
6299 265
6300 244
6301 240
6302 233
6303 236
6304 236
6305 243
6306 240
6307 238
6308 238
6309 245
6310 244
6311 241
6312 240
6313 236
6314 240
6315 238
6316 233
6317 246
6318 243
6319 242
6320 243
6321 242
6322 242
6323 239
6324 241
6325 242
6326 329
6327 270
6328 238
6329 225
6330 246
6331 570
6332 242
6333 241
6334 246
6335 232
6336 237
6337 369
6338 320
6339 239
6340 243
6341 241
6342 236
6343 243
6344 235
6345 240
6346 241
6347 241
6348 244
6349 241
6350 234
6351 245
6352 240
6353 234
6354 238
6355 246
6356 241
6357 236
6358 240
6359 276
6360 421
6361 462
6362 454
6363 459
6364 490
6365 482
6366 245
6367 242
6368 235
6369 246
6370 233
6371 291
6372 243
6373 248
6374 246
6375 246
6376 334
6377 280
6378 234
6379 247
6380 244
6381 231
6382 249
6383 309
6384 300
6385 247
6386 248
6387 246
6388 262
6389 249
6390 234
6391 237
6392 247
6393 242
6394 237
6395 249
6396 310
6397 240
6398 253
6399 241
6400 248
6401 248
6402 243
6403 253
6404 248
6405 248
6406 242
6407 239
6408 241
6409 251
6410 248
6411 252
6412 250
6413 244
6414 246
6415 254
6416 241
6417 252
6418 253
6419 247
6420 247
6421 243
6422 250
6423 251
6424 251
6425 244
6426 236
6427 277
6428 245
6429 258
6430 249
6431 291
6432 242
6433 309
6434 337
6435 245
6436 248
6437 248
6438 240
6439 250
6440 243
6441 249
6442 247
6443 245
6444 245
6445 245
6446 248
6447 284
6448 249
6449 248
6450 245
6451 247
6452 248
6453 429
6454 249
6455 246
6456 245
6457 247
6458 245
6459 249
6460 250
6461 247
6462 247
6463 241
6464 243
6465 244
6466 247
6467 249
6468 248
6469 241
6470 249
6471 251
6472 237
6473 242
6474 249
6475 249
6476 245
6477 394
6478 252
6479 247
6480 248
6481 240
6482 240
6483 236
6484 309
6485 305
6486 244
6487 234
6488 246
6489 248
6490 229
6491 243
6492 246
6493 241
6494 242
6495 233
6496 249
6497 245
6498 247
6499 243
6500 234
6501 239
6502 247
6503 236
6504 289
6505 247
6506 244
6507 252
6508 250
6509 248
6510 247
6511 245
6512 247
6513 248
6514 242
6515 248
6516 244
6517 250
6518 247
6519 249
6520 245
6521 238
6522 242
6523 290
6524 247
6525 273
6526 241
6527 240
6528 296
6529 302
6530 237
6531 238
6532 243
6533 249
6534 241
6535 317
6536 310
6537 240
6538 244
6539 252
6540 246
6541 247
6542 244
6543 234
6544 238
6545 251
6546 246
6547 250
6548 248
6549 247
6550 243
6551 247
6552 243
6553 247
6554 236
6555 250
6556 247
6557 250
6558 246
6559 239
6560 252
6561 237
6562 248
6563 248
6564 250
6565 249
6566 246
6567 247
6568 239
6569 239
6570 242
6571 240
6572 247
6573 249
6574 246
6575 277
6576 244
6577 243
6578 247
6579 345
6580 298
6581 250
6582 249
6583 243
6584 234
6585 250
6586 317
6587 293
6588 249
6589 245
6590 238
6591 244
6592 238
6593 247
6594 251
6595 251
6596 249
6597 252
6598 249
6599 248
6600 234
6601 241
6602 251
6603 246
6604 243
6605 239
6606 251
6607 249
6608 246
6609 237
6610 235
6611 248
6612 251
6613 235
6614 236
6615 245
6616 237
6617 253
6618 247
6619 246
6620 249
6621 249
6622 247
6623 251
6624 248
6625 251
6626 326
6627 236
6628 202
6629 240
6630 386
6631 276
6632 237
6633 238
6634 249
6635 249
6636 251
6637 307
6638 309
6639 235
6640 246
6641 247
6642 238
6643 247
6644 240
6645 236
6646 245
6647 211
6648 236
6649 250
6650 246
6651 247
6652 245
6653 240
6654 246
6655 234
6656 243
6657 248
6658 241
6659 247
6660 247
6661 249
6662 247
6663 240
6664 245
6665 248
6666 252
6667 234
6668 248
6669 247
6670 246
6671 249
6672 244
6673 248
6674 243
6675 245
6676 252
6677 296
6678 243
6679 248
6680 245
6681 281
6682 307
6683 250
6684 254
6685 245
6686 249
6687 243
6688 315
6689 327
6690 237
6691 255
6692 233
6693 264
6694 238
6695 249
6696 228
6697 234
6698 241
6699 242
6700 245
6701 246
6702 243
6703 240
6704 235
6705 251
6706 246
6707 244
6708 244
6709 237
6710 248
6711 242
6712 244
6713 238
6714 245
6715 238
6716 240
6717 246
6718 248
6719 236
6720 233
6721 236
6722 247
6723 239
6724 297
6725 240
6726 245
6727 244
6728 293
6729 229
6730 242
6731 238
6732 241
6733 449
6734 242
6735 240
6736 236
6737 246
6738 242
6739 314
6740 293
6741 247
6742 239
6743 247
6744 245
6745 230
6746 236
6747 246
6748 246
6749 245
6750 248
6751 243
6752 234
6753 240
6754 241
6755 241
6756 242
6757 246
6758 244
6759 249
6760 238
6761 241
6762 246
6763 354
6764 341
6765 274
6766 230
6767 244
6768 250
6769 245
6770 244
6771 246
6772 243
6773 244
6774 229
6775 247
6776 387
6777 248
6778 281
6779 259
6780 244
6781 241
6782 243
6783 325
6784 245
6785 244
6786 251
6787 245
6788 237
6789 329
6790 242
6791 241
6792 249
6793 246
6794 249
6795 241
6796 244
6797 237
6798 245
6799 232
6800 232
6801 247
6802 236
6803 245
6804 242
6805 246
6806 252
6807 229
6808 245
6809 241
6810 243
6811 240
6812 241
6813 245
6814 241
6815 241
6816 248
6817 242
6818 244
6819 247
6820 246
6821 252
6822 229
6823 237
6824 247
6825 242
6826 249
6827 241
6828 237
6829 244
6830 332
6831 251
6832 270
6833 230
6834 242
6835 355
6836 241
6837 241
6838 246
6839 242
6840 243
6841 287
6842 307
6843 239
6844 238
6845 246
6846 241
6847 250
6848 252
6849 235
6850 232
6851 249
6852 245
6853 240
6854 243
6855 292
6856 242
6857 242
6858 244
6859 235
6860 246
6861 245
6862 339
6863 236
6864 246
6865 233
6866 237
6867 247
6868 236
6869 246
6870 239
6871 246
6872 239
6873 231
6874 223
6875 245
6876 245
6877 241
6878 239
6879 236
6880 235
6881 274
6882 311
6883 237
6884 240
6885 247
6886 295
6887 232
6888 244
6889 243
6890 245
6891 243
6892 247
6893 322
6894 243
6895 239
6896 237
6897 247
6898 249
6899 246
6900 236
6901 245
6902 240
6903 242
6904 245
6905 235
6906 246
6907 244
6908 241
6909 240
6910 239
6911 245
6912 246
6913 245
6914 245
6915 249
6916 237
6917 244
6918 245
6919 244
6920 237
6921 245
6922 237
6923 244
6924 240
6925 241
6926 244
6927 239
6928 232
6929 247
6930 247
6931 248
6932 249
6933 333
6934 247
6935 267
6936 236
6937 324
6938 262
6939 246
6940 245
6941 238
6942 321
6943 298
6944 246
6945 234
6946 245
6947 246
6948 245
6949 237
6950 247
6951 233
6952 243
6953 248
6954 240
6955 245
6956 233
6957 244
6958 319
6959 236
6960 248
6961 235
6962 245
6963 245
6964 246
6965 246
6966 236
6967 272
6968 233
6969 243
6970 242
6971 240
6972 243
6973 248
6974 239
6975 248
6976 247
6977 242
6978 246
6979 235
6980 247
6981 245
6982 242
6983 244
6984 275
6985 295
6986 271
6987 237
6988 319
6989 293
6990 245
6991 232
6992 236
6993 236
6994 323
6995 247
6996 248
6997 242
6998 248
6999 244
7000 241
7001 244
7002 244
7003 231
7004 246
7005 245
7006 246
7007 239
7008 242
7009 243
7010 240
7011 243
7012 238
7013 241
7014 235
7015 248
7016 247
7017 243
7018 243
7019 235
7020 385
7021 241
7022 246
7023 243
7024 235
7025 246
7026 233
7027 247
7028 243
7029 249
7030 246
7031 246
7032 233
7033 237
7034 237
7035 240
7036 315
7037 250
7038 232
7039 240
7040 342
7041 243
7042 247
7043 245
7044 279
7045 351
7046 235
7047 245
7048 239
7049 241
7050 239
7051 247
7052 232
7053 247
7054 239
7055 244
7056 246
7057 244
7058 230
7059 238
7060 237
7061 248
7062 238
7063 248
7064 240
7065 242
7066 227
7067 242
7068 245
7069 244
7070 236
7071 252
7072 248
7073 241
7074 233
7075 235
7076 241
7077 243
7078 246
7079 241
7080 244
7081 239
7082 248
7083 250
7084 247
7085 243
7086 234
7087 338
7088 247
7089 276
7090 239
7091 390
7092 245
7093 249
7094 243
7095 365
7096 503
7097 261
7098 245
7099 246
7100 238
7101 247
7102 241
7103 245
7104 240
7105 249
7106 233
7107 239
7108 238
7109 264
7110 415
7111 233
7112 236
7113 243
7114 235
7115 231
7116 241
7117 236
7118 244
7119 241
7120 235
7121 244
7122 248
7123 248
7124 244
7125 223
7126 244
7127 244
7128 227
7129 240
7130 233
7131 245
7132 245
7133 247
7134 233
7135 248
7136 235
7137 346
7138 240
7139 246
7140 248
7141 381
7142 240
7143 248
7144 240
7145 239
7146 367
7147 243
7148 245
7149 241
7150 241
7151 238
7152 241
7153 244
7154 209
7155 238
7156 242
7157 248
7158 238
7159 248
7160 245
7161 243
7162 274
7163 226
7164 246
7165 244
7166 248
7167 245
7168 244
7169 242
7170 235
7171 229
7172 245
7173 246
7174 247
7175 242
7176 248
7177 245
7178 248
7179 242
7180 245
7181 235
7182 240
7183 246
7184 245
7185 241
7186 242
7187 242
7188 270
7189 316
7190 233
7191 238
7192 274
7193 278
7194 247
7195 240
7196 243
7197 217
7198 337
7199 233
7200 246
7201 238
7202 242
7203 245
7204 247
7205 245
7206 242
7207 240
7208 243
7209 282
7210 242
7211 245
7212 240
7213 248
7214 228
7215 244
7216 232
7217 240
7218 236
7219 236
7220 236
7221 237
7222 235
7223 488
7224 362
7225 567
7226 245
7227 243
7228 238
7229 239
7230 245
7231 236
7232 236
7233 235
7234 238
7235 246
7236 243
7237 245
7238 334
7239 230
7240 246
7241 245
7242 372
7243 234
7244 239
7245 233
7246 222
7247 302
7248 277
7249 232
7250 246
7251 240
7252 243
7253 247
7254 248
7255 242
7256 244
7257 245
7258 247
7259 231
7260 241
7261 232
7262 237
7263 245
7264 246
7265 246
7266 245
7267 236
7268 250
7269 235
7270 241
7271 244
7272 246
7273 246
7274 239
7275 249
7276 243
7277 240
7278 246
7279 243
7280 241
7281 243
7282 246
7283 243
7284 234
7285 248
7286 234
7287 244
7288 246
7289 265
7290 343
7291 280
7292 237
7293 375
7294 313
7295 241
7296 247
7297 233
7298 308
7299 310
7300 247
7301 237
7302 247
7303 242
7304 226
7305 241
7306 248
7307 242
7308 249
7309 237
7310 247
7311 247
7312 245
7313 243
7314 234
7315 246
7316 241
7317 239
7318 236
7319 233
7320 241
7321 234
7322 241
7323 231
7324 243
7325 246
7326 244
7327 244
7328 247
7329 246
7330 233
7331 236
7332 239
7333 239
7334 234
7335 245
7336 245
7337 238
7338 249
7339 243
7340 245
7341 350
7342 290
7343 244
7344 240
7345 395
7346 246
7347 244
7348 243
7349 241
7350 363
7351 244
7352 235
7353 236
7354 239
7355 231
7356 244
7357 248
7358 236
7359 240
7360 243
7361 240
7362 243
7363 247
7364 248
7365 231
7366 235
7367 235
7368 240
7369 244
7370 241
7371 232
7372 244
7373 244
7374 236
7375 250
7376 246
7377 241
7378 244
7379 247
7380 235
7381 381
7382 404
7383 247
7384 219
7385 251
7386 248
7387 238
7388 241
7389 245
7390 246
7391 305
7392 250
7393 190
7394 241
7395 333
7396 405
7397 244
7398 232
7399 238
7400 237
7401 318
7402 305
7403 244
7404 247
7405 247
7406 233
7407 241
7408 252
7409 249
7410 244
7411 246
7412 236
7413 243
7414 238
7415 246
7416 237
7417 247
7418 246
7419 237
7420 249
7421 239
7422 244
7423 250
7424 238
7425 243
7426 245
7427 245
7428 231
7429 236
7430 232
7431 237
7432 248
7433 249
7434 250
7435 234
7436 236
7437 241
7438 248
7439 241
7440 241
7441 241
7442 273
7443 412
7444 237
7445 252
7446 320
7447 256
7448 240
7449 243
7450 235
7451 296
7452 340
7453 241
7454 242
7455 249
7456 244
7457 246
7458 247
7459 243
7460 240
7461 235
7462 251
7463 242
7464 235
7465 237
7466 249
7467 249
7468 248
7469 233
7470 245
7471 244
7472 243
7473 244
7474 247
7475 250
7476 243
7477 236
7478 398
7479 244
7480 242
7481 243
7482 250
7483 233
7484 248
7485 235
7486 248
7487 245
7488 249
7489 249
7490 232
7491 245
7492 234
7493 282
7494 241
7495 241
7496 249
7497 386
7498 289
7499 248
7500 238
7501 231
7502 302
7503 311
7504 247
7505 244
7506 249
7507 229
7508 244
7509 245
7510 236
7511 238
7512 247
7513 244
7514 239
7515 238
7516 243
7517 239
7518 243
7519 236
7520 244
7521 245
7522 251
7523 246
7524 246
7525 244
7526 246
7527 244
7528 242
7529 247
7530 245
7531 236
7532 247
7533 245
7534 238
7535 240
7536 249
7537 412
7538 275
7539 236
7540 240
7541 233
7542 248
7543 237
7544 336
7545 252
7546 246
7547 271
7548 310
7549 231
7550 243
7551 247
7552 303
7553 336
7554 249
7555 237
7556 242
7557 230
7558 235
7559 244
7560 250
7561 245
7562 246
7563 229
7564 243
7565 245
7566 246
7567 245
7568 240
7569 284
7570 251
7571 236
7572 231
7573 239
7574 242
7575 246
7576 250
7577 234
7578 250
7579 245
7580 245
7581 247
7582 233
7583 247
7584 235
7585 244
7586 251
7587 245
7588 241
7589 237
7590 247
7591 246
7592 246
7593 232
7594 234
7595 349
7596 229
7597 247
7598 231
7599 368
7600 465
7601 236
7602 270
7603 247
7604 317
7605 305
7606 244
7607 237
7608 252
7609 237
7610 250
7611 246
7612 250
7613 243
7614 364
7615 239
7616 235
7617 237
7618 243
7619 271
7620 245
7621 246
7622 229
7623 207
7624 248
7625 236
7626 235
7627 235
7628 245
7629 235
7630 237
7631 238
7632 235
7633 249
7634 243
7635 232
7636 234
7637 230
7638 242
7639 242
7640 245
7641 248
7642 236
7643 246
7644 587
7645 388
7646 230
7647 273
7648 422
7649 260
7650 253
7651 254
7652 235
7653 430
7654 245
7655 249
7656 247
7657 236
7658 239
7659 236
7660 237
7661 237
7662 254
7663 248
7664 231
7665 235
7666 247
7667 245
7668 246
7669 232
7670 242
7671 243
7672 248
7673 231
7674 241
7675 249
7676 241
7677 273
7678 295
7679 245
7680 241
7681 244
7682 236
7683 246
7684 238
7685 239
7686 249
7687 246
7688 234
7689 245
7690 237
7691 250
7692 239
7693 246
7694 300
7695 301
7696 464
7697 241
7698 374
7699 487
7700 237
7701 272
7702 240
7703 244
7704 355
7705 251
7706 242
7707 252
7708 226
7709 243
7710 230
7711 240
7712 238
7713 244
7714 246
7715 242
7716 249
7717 232
7718 243
7719 246
7720 248
7721 228
7722 246
7723 241
7724 243
7725 252
7726 244
7727 244
7728 239
7729 249
7730 229
7731 245
7732 237
7733 232
7734 240
7735 240
7736 244
7737 244
7738 247
7739 238
7740 250
7741 240
7742 234
7743 249
7744 338
7745 312
7746 229
7747 238
7748 341
7749 260
7750 250
7751 234
7752 246
7753 303
7754 311
7755 249
7756 237
7757 248
7758 240
7759 234
7760 238
7761 241
7762 247
7763 238
7764 297
7765 333
7766 233
7767 245
7768 242
7769 248
7770 246
7771 233
7772 250
7773 246
7774 237
7775 249
7776 245
7777 233
7778 238
7779 250
7780 241
7781 244
7782 240
7783 248
7784 244
7785 238
7786 244
7787 249
7788 250
7789 240
7790 242
7791 232
7792 244
7793 314
7794 235
7795 361
7796 238
7797 241
7798 234
7799 493
7800 244
7801 240
7802 248
7803 231
7804 369
7805 248
7806 244
7807 235
7808 243
7809 227
7810 246
7811 240
7812 229
7813 235
7814 239
7815 248
7816 239
7817 233
7818 240
7819 244
7820 247
7821 236
7822 243
7823 243
7824 246
7825 249
7826 242
7827 235
7828 310
7829 238
7830 246
7831 227
7832 248
7833 243
7834 248
7835 250
7836 248
7837 247
7838 239
7839 243
7840 238
7841 244
7842 247
7843 236
7844 250
7845 237
7846 371
7847 250
7848 254
7849 311
7850 336
7851 243
7852 240
7853 244
7854 230
7855 315
7856 307
7857 241
7858 244
7859 251
7860 237
7861 417
7862 232
7863 234
7864 246
7865 243
7866 247
7867 235
7868 235
7869 248
7870 278
7871 247
7872 246
7873 243
7874 243
7875 233
7876 240
7877 241
7878 242
7879 264
7880 247
7881 247
7882 247
7883 250
7884 249
7885 230
7886 245
7887 237
7888 246
7889 245
7890 250
7891 245
7892 245
7893 249
7894 238
7895 242
7896 353
7897 251
7898 243
7899 246
7900 389
7901 247
7902 239
7903 248
7904 231
7905 301
7906 306
7907 248
7908 246
7909 251
7910 242
7911 242
7912 277
7913 240
7914 248
7915 241
7916 238
7917 248
7918 238
7919 232
7920 246
7921 316
7922 259
7923 237
7924 244
7925 244
7926 251
7927 231
7928 242
7929 240
7930 245
7931 243
7932 248
7933 235
7934 245
7935 244
7936 247
7937 235
7938 237
7939 250
7940 232
7941 242
7942 246
7943 243
7944 232
7945 238
7946 232
7947 369
7948 250
7949 249
7950 334
7951 310
7952 276
7953 336
7954 235
7955 246
7956 250
7957 244
7958 307
7959 309
7960 244
7961 238
7962 242
7963 249
7964 246
7965 240
7966 243
7967 234
7968 241
7969 237
7970 244
7971 239
7972 228
7973 244
7974 246
7975 239
7976 236
7977 242
7978 245
7979 241
7980 233
7981 232
7982 241
7983 245
7984 240
7985 246
7986 232
7987 243
7988 240
7989 243
7990 233
7991 274
7992 234
7993 230
7994 243
7995 236
7996 240
7997 231
7998 250
7999 242
8000 242
8001 230
8002 333
8003 261
8004 274
8005 162
8006 239
8007 236
8008 370
8009 233
8010 244
8011 245
8012 237
8013 237
8014 245
8015 247
8016 241
8017 231
8018 242
8019 242
8020 230
8021 236
8022 234
8023 244
8024 232
8025 245
8026 241
8027 239
8028 246
8029 241
8030 244
8031 238
8032 239
8033 241
8034 234
8035 238
8036 244
8037 242
8038 242
8039 245
8040 238
8041 239
8042 245
8043 239
8044 241
8045 245
8046 243
8047 241
8048 234
8049 226
8050 244
8051 341
8052 233
8053 242
8054 244
8055 329
8056 240
8057 237
8058 240
8059 287
8060 375
8061 246
8062 228
8063 244
8064 236
8065 231
8066 231
8067 243
8068 244
8069 230
8070 243
8071 240
8072 241
8073 243
8074 240
8075 232
8076 267
8077 226
8078 245
8079 236
8080 243
8081 241
8082 265
8083 243
8084 238
8085 239
8086 240
8087 230
8088 242
8089 242
8090 232
8091 232
8092 241
8093 229
8094 234
8095 244
8096 236
8097 243
8098 242
8099 227
8100 227
8101 236
8102 243
8103 337
8104 234
8105 243
8106 235
8107 374
8108 244
8109 243
8110 240
8111 231
8112 352
8113 300
8114 298
8115 239
8116 238
8117 225
8118 242
8119 236
8120 246
8121 235
8122 257
8123 241
8124 242
8125 233
8126 226
8127 267
8128 406
8129 242
8130 246
8131 241
8132 237
8133 242
8134 242
8135 231
8136 241
8137 237
8138 240
8139 245
8140 245
8141 242
8142 240
8143 229
8144 239
8145 236
8146 241
8147 232
8148 242
8149 238
8150 241
8151 237
8152 243
8153 235
8154 330
8155 264
8156 243
8157 238
8158 384
8159 233
8160 246
8161 234
8162 234
8163 314
8164 305
8165 245
8166 238
8167 240
8168 245
8169 235
8170 243
8171 243
8172 231
8173 185
8174 245
8175 239
8176 242
8177 231
8178 233
8179 235
8180 277
8181 242
8182 238
8183 243
8184 234
8185 232
8186 241
8187 231
8188 241
8189 236
8190 242
8191 237
8192 231
8193 237
8194 242
8195 242
8196 243
8197 233
8198 239
8199 236
8200 242
8201 242
8202 240
8203 237
8204 239
8205 370
8206 401
8207 280
8208 233
8209 264
8210 306
8211 243
8212 240
8213 241
8214 245
8215 378
8216 235
8217 241
8218 244
8219 241
8220 232
8221 243
8222 240
8223 237
8224 233
8225 245
8226 521
8227 444
8228 243
8229 238
8230 245
8231 244
8232 239
8233 246
8234 243
8235 244
8236 244
8237 295
8238 327
8239 244
8240 233
8241 240
8242 242
8243 230
8244 241
8245 244
8246 233
8247 242
8248 244
8249 232
8250 237
8251 239
8252 232
8253 233
8254 235
8255 318
8256 244
8257 244
8258 238
8259 381
8260 241
8261 235
8262 233
8263 240
8264 314
8265 304
8266 231
8267 243
8268 298
8269 234
8270 240
8271 240
8272 230
8273 235
8274 233
8275 239
8276 233
8277 238
8278 238
8279 235
8280 237
8281 243
8282 230
8283 240
8284 239
8285 241
8286 244
8287 230
8288 240
8289 244
8290 245
8291 235
8292 242
8293 245
8294 244
8295 232
8296 241
8297 235
8298 234
8299 241
8300 234
8301 239
8302 232
8303 240
8304 240
8305 242
8306 244
8307 358
8308 288
8309 238
8310 244
8311 353
8312 228
8313 247
8314 234
8315 243
8316 304
8317 305
8318 244
8319 234
8320 243
8321 243
8322 239
8323 239
8324 244
8325 245
8326 232
8327 246
8328 243
8329 245
8330 244
8331 239
8332 245
8333 241
8334 243
8335 238
8336 242
8337 236
8338 246
8339 233
8340 236
8341 239
8342 243
8343 242
8344 243
8345 239
8346 233
8347 240
8348 243
8349 241
8350 245
8351 227
8352 242
8353 244
8354 239
8355 228
8356 236
8357 234
8358 238
8359 366
8360 245
8361 240
8362 242
8363 393
8364 237
8365 243
8366 241
8367 218
8368 323
8369 291
8370 239
8371 235
8372 241
8373 243
8374 239
8375 239
8376 232
8377 243
8378 235
8379 274
8380 225
8381 240
8382 240
8383 232
8384 241
8385 287
8386 242
8387 242
8388 230
8389 242
8390 235
8391 230
8392 232
8393 228
8394 231
8395 238
8396 241
8397 241
8398 225
8399 240
8400 234
8401 234
8402 230
8403 243
8404 242
8405 241
8406 233
8407 230
8408 233
8409 240
8410 244
8411 354
8412 306
8413 246
8414 244
8415 355
8416 243
8417 242
8418 245
8419 229
8420 310
8421 400
8422 241
8423 247
8424 235
8425 243
8426 246
8427 248
8428 244
8429 235
8430 246
8431 232
8432 245
8433 239
8434 248
8435 199
8436 236
8437 232
8438 243
8439 225
8440 236
8441 247
8442 250
8443 244
8444 239
8445 233
8446 264
8447 280
8448 274
8449 546
8450 482
8451 463
8452 461
8453 632
8454 628
8455 523
8456 452
8457 372
8458 384
8459 494
8460 586
8461 470
8462 289
8463 292
8464 279
8465 312
8466 274
8467 278
8468 266
8469 270
8470 268
8471 281
8472 271
8473 308
8474 323
8475 273
8476 274
8477 249
8478 223
8479 261
8480 259
8481 255
8482 259
8483 243
8484 261
8485 255
8486 260
8487 255
8488 259
8489 263
8490 255
8491 278
8492 263
8493 249
8494 284
8495 234
8496 243
8497 242
8498 277
8499 239
8500 235
8501 242
8502 355
8503 229
8504 247
8505 234
8506 241
8507 287
8508 288
8509 248
8510 249
8511 227
8512 238
8513 247
8514 232
8515 249
8516 241
8517 250
8518 252
8519 246
8520 250
8521 253
8522 255
8523 250
8524 253
8525 243
8526 254
8527 253
8528 254
8529 240
8530 245
8531 256
8532 254
8533 252
8534 255
8535 262
8536 245
8537 249
8538 233
8539 242
8540 239
8541 242
8542 242
8543 247
8544 256
8545 242
8546 254
8547 258
8548 245
8549 254
8550 244
8551 254
8552 254
8553 244
8554 240
8555 257
8556 248
8557 252
8558 310
8559 302
8560 252
8561 239
8562 254
8563 238
8564 257
8565 251
8566 250
8567 248
8568 239
8569 254
8570 250
8571 256
8572 247
8573 247
8574 252
8575 254
8576 253
8577 245
8578 252
8579 248
8580 240
8581 239
8582 256
8583 257
8584 250
8585 241
8586 195
8587 257
8588 258
8589 248
8590 244
8591 255
8592 258
8593 255
8594 253
8595 253
8596 254
8597 254
8598 256
8599 253
8600 251
8601 250
8602 256
8603 238
8604 242
8605 251
8606 242
8607 246
8608 247
8609 256
8610 335
8611 244
8612 253
8613 254
8614 247
8615 256
8616 254
8617 251
8618 242
8619 256
8620 248
8621 248
8622 244
8623 247
8624 257
8625 251
8626 246
8627 251
8628 272
8629 254
8630 260
8631 250
8632 254
8633 244
8634 254
8635 246
8636 241
8637 251
8638 244
8639 245
8640 241
8641 241
8642 252
8643 243
8644 248
8645 236
8646 251
8647 248
8648 251
8649 255
8650 267
8651 251
8652 242
8653 252
8654 246
8655 253
8656 202
8657 256
8658 240
8659 249
8660 258
8661 356
8662 242
8663 255
8664 248
8665 243
8666 254
8667 251
8668 260
8669 236
8670 253
8671 245
8672 251
8673 246
8674 257
8675 248
8676 251
8677 251
8678 251
8679 246
8680 239
8681 243
8682 249
8683 256
8684 250
8685 253
8686 250
8687 250
8688 245
8689 254
8690 253
8691 245
8692 253
8693 239
8694 240
8695 254
8696 250
8697 245
8698 257
8699 250
8700 217
8701 239
8702 246
8703 245
8704 253
8705 256
8706 238
8707 247
8708 242
8709 251
8710 242
8711 244
8712 297
8713 292
8714 252
8715 254
8716 255
8717 255
8718 254
8719 237
8720 256
8721 246
8722 241
8723 232
8724 255
8725 246
8726 251
8727 249
8728 254
8729 252
8730 239
8731 255
8732 258
8733 252
8734 255
8735 257
8736 258
8737 245
8738 252
8739 252
8740 254
8741 240
8742 247
8743 251
8744 257
8745 250
8746 238
8747 329
8748 292
8749 250
8750 247
8751 255
8752 253
8753 258
8754 254
8755 243
8756 258
8757 251
8758 248
8759 242
8760 255
8761 244
8762 248
8763 346
8764 252
8765 249
8766 253
8767 242
8768 252
8769 264
8770 253
8771 243
8772 257
8773 247
8774 253
8775 255
8776 254
8777 241
8778 248
8779 254
8780 259
8781 242
8782 255
8783 248
8784 238
8785 251
8786 245
8787 249
8788 256
8789 251
8790 248
8791 253
8792 249
8793 253
8794 253
8795 259
8796 241
8797 251
8798 259
8799 239
8800 246
8801 246
8802 254
8803 239
8804 250
8805 278
8806 292
8807 255
8808 248
8809 292
8810 255
8811 257
8812 258
8813 242
8814 379
8815 249
8816 250
8817 253
8818 246
8819 246
8820 246
8821 258
8822 228
8823 232
8824 234
8825 240
8826 244
8827 244
8828 237
8829 238
8830 233
8831 243
8832 241
8833 235
8834 239
8835 228
8836 230
8837 237
8838 234
8839 243
8840 241
8841 239
8842 255
8843 383
8844 249
8845 244
8846 247
8847 240
8848 243
8849 238
8850 238
8851 242
8852 237
8853 247
8854 227
8855 238
8856 311
8857 241
8858 242
8859 238
8860 479
8861 325
8862 240
8863 240
8864 242
8865 333
8866 247
8867 244
8868 231
8869 245
8870 241
8871 238
8872 240
8873 240
8874 228
8875 233
8876 233
8877 244
8878 239
8879 241
8880 238
8881 229
8882 244
8883 239
8884 244
8885 235
8886 240
8887 244
8888 242
8889 240
8890 234
8891 243
8892 246
8893 242
8894 240
8895 244
8896 239
8897 226
8898 242
8899 244
8900 231
8901 236
8902 235
8903 246
8904 243
8905 233
8906 240
8907 285
8908 281
8909 235
8910 242
8911 273
8912 307
8913 241
8914 238
8915 240
8916 308
8917 305
8918 226
8919 238
8920 231
8921 247
8922 237
8923 242
8924 241
8925 240
8926 233
8927 237
8928 241
8929 227
8930 245
8931 238
8932 243
8933 240
8934 239
8935 250
8936 236
8937 248
8938 241
8939 247
8940 233
8941 237
8942 238
8943 244
8944 235
8945 227
8946 230
8947 238
8948 224
8949 223
8950 230
8951 245
8952 243
8953 247
8954 246
8955 239
8956 248
8957 239
8958 237
8959 239
8960 338
8961 271
8962 364
8963 406
8964 454
8965 304
8966 268
8967 367
8968 246
8969 242
8970 245
8971 244
8972 282
8973 307
8974 240
8975 232
8976 231
8977 246
8978 236
8979 245
8980 247
8981 246
8982 247
8983 230
8984 245
8985 247
8986 240
8987 248
8988 243
8989 248
8990 243
8991 245
8992 238
8993 233
8994 237
8995 245
8996 239
8997 249
8998 243
8999 236
9000 242
9001 240
9002 241
9003 234
9004 236
9005 230
9006 241
9007 239
9008 234
9009 280
9010 245
9011 245
9012 228
9013 297
9014 292
9015 234
9016 245
9017 289
9018 311
9019 296
9020 246
9021 241
9022 233
9023 243
9024 245
9025 235
9026 237
9027 239
9028 231
9029 239
9030 243
9031 237
9032 230
9033 238
9034 240
9035 234
9036 242
9037 249
9038 230
9039 243
9040 236
9041 236
9042 246
9043 237
9044 249
9045 245
9046 235
9047 227
9048 245
9049 246
9050 235
9051 238
9052 238
9053 236
9054 236
9055 238
9056 246
9057 237
9058 247
9059 241
9060 231
9061 244
9062 287
9063 240
9064 239
9065 249
9066 401
9067 245
9068 238
9069 249
9070 246
9071 239
9072 357
9073 246
9074 250
9075 233
9076 242
9077 246
9078 242
9079 239
9080 230
9081 246
9082 241
9083 249
9084 243
9085 242
9086 250
9087 235
9088 238
9089 234
9090 241
9091 246
9092 238
9093 245
9094 243
9095 245
9096 243
9097 245
9098 251
9099 239
9100 242
9101 237
9102 236
9103 244
9104 235
9105 257
9106 247
9107 246
9108 234
9109 243
9110 234
9111 246
9112 248
9113 305
9114 314
9115 236
9116 244
9117 371
9118 242
9119 233
9120 250
9121 227
9122 307
9123 292
9124 244
9125 234
9126 282
9127 240
9128 241
9129 239
9130 242
9131 253
9132 235
9133 233
9134 243
9135 244
9136 249
9137 247
9138 276
9139 375
9140 294
9141 236
9142 241
9143 329
9144 243
9145 367
9146 240
9147 337
9148 276
9149 238
9150 389
9151 245
9152 240
9153 242
9154 226
9155 241
9156 223
9157 269
9158 242
9159 241
9160 242
9161 245
9162 286
9163 240
9164 228
9165 234
9166 218
9167 275
9168 277
9169 246
9170 227
9171 239
9172 229
9173 246
9174 372
9175 238
9176 245
9177 233
9178 234
9179 240
9180 227
9181 228
9182 235
9183 245
9184 240
9185 240
9186 242
9187 230
9188 269
9189 272
9190 243
9191 235
9192 322
9193 230
9194 236
9195 323
9196 313
9197 301
9198 264
9199 390
9200 241
9201 358
9202 246
9203 244
9204 236
9205 242
9206 235
9207 242
9208 242
9209 245
9210 243
9211 240
9212 286
9213 242
9214 241
9215 240
9216 240
9217 234
9218 405
9219 345
9220 231
9221 277
9222 243
9223 237
9224 244
9225 290
9226 310
9227 237
9228 244
9229 232
9230 237
9231 238
9232 246
9233 224
9234 241
9235 242
9236 244
9237 232
9238 227
9239 237
9240 240
9241 233
9242 225
9243 241
9244 241
9245 227
9246 243
9247 237
9248 240
9249 235
9250 232
9251 263
9252 245
9253 234
9254 263
9255 205
9256 246
9257 232
9258 240
9259 245
9260 223
9261 241
9262 244
9263 235
9264 338
9265 239
9266 241
9267 242
9268 235
9269 241
9270 428
9271 558
9272 230
9273 230
9274 244
9275 243
9276 310
9277 243
9278 242
9279 228
9280 228
9281 243
9282 243
9283 240
9284 217
9285 231
9286 242
9287 229
9288 240
9289 244
9290 246
9291 227
9292 245
9293 236
9294 231
9295 236
9296 204
9297 248
9298 244
9299 236
9300 222
9301 244
9302 244
9303 235
9304 241
9305 244
9306 234
9307 236
9308 244
9309 241
9310 238
9311 242
9312 242
9313 209
9314 240
9315 245
9316 326
9317 231
9318 244
9319 240
9320 353
9321 360
9322 235
9323 277
9324 244
9325 245
9326 303
9327 313
9328 240
9329 239
9330 245
9331 236
9332 240
9333 243
9334 243
9335 245
9336 239
9337 240
9338 243
9339 246
9340 277
9341 240
9342 236
9343 243
9344 245
9345 243
9346 242
9347 242
9348 239
9349 230
9350 244
9351 241
9352 242
9353 244
9354 227
9355 242
9356 238
9357 241
9358 243
9359 241
9360 235
9361 241
9362 233
9363 240
9364 243
9365 245
9366 244
9367 333
9368 265
9369 237
9370 234
9371 344
9372 451
9373 244
9374 284
9375 260
9376 240
9377 322
9378 301
9379 302
9380 497
9381 234
9382 239
9383 241
9384 247
9385 231
9386 239
9387 244
9388 234
9389 230
9390 277
9391 240
9392 244
9393 227
9394 228
9395 240
9396 238
9397 240
9398 237
9399 243
9400 235
9401 240
9402 234
9403 231
9404 241
9405 248
9406 232
9407 246
9408 244
9409 244
9410 242
9411 239
9412 227
9413 229
9414 231
9415 244
9416 234
9417 368
9418 289
9419 244
9420 243
9421 394
9422 229
9423 242
9424 239
9425 242
9426 242
9427 237
9428 365
9429 281
9430 244
9431 232
9432 246
9433 241
9434 243
9435 247
9436 246
9437 248
9438 250
9439 250
9440 171
9441 247
9442 248
9443 235
9444 247
9445 236
9446 243
9447 243
9448 244
9449 249
9450 246
9451 240
9452 246
9453 239
9454 239
9455 251
9456 241
9457 246
9458 221
9459 241
9460 243
9461 237
9462 243
9463 237
9464 246
9465 251
9466 245
9467 245
9468 284
9469 247
9470 238
9471 249
9472 285
9473 306
9474 239
9475 251
9476 252
9477 248
9478 249
9479 316
9480 309
9481 247
9482 236
9483 235
9484 233
9485 242
9486 222
9487 243
9488 230
9489 245
9490 242
9491 250
9492 251
9493 258
9494 236
9495 243
9496 243
9497 247
9498 375
9499 248
9500 240
9501 250
9502 248
9503 251
9504 245
9505 250
9506 240
9507 247
9508 250
9509 247
9510 237
9511 251
9512 250
9513 242
9514 241
9515 238
9516 249
9517 249
9518 247
9519 281
9520 250
9521 251
9522 247
9523 311
9524 290
9525 245
9526 240
9527 242
9528 247
9529 315
9530 308
9531 243
9532 249
9533 247
9534 245
9535 248
9536 250
9537 245
9538 246
9539 239
9540 250
9541 251
9542 250
9543 243
9544 248
9545 245
9546 239
9547 242
9548 248
9549 251
9550 236
9551 238
9552 247
9553 241
9554 251
9555 247
9556 247
9557 245
9558 242
9559 247
9560 246
9561 249
9562 248
9563 240
9564 249
9565 239
9566 242
9567 248
9568 245
9569 247
9570 287
9571 246
9572 235
9573 251
9574 241
9575 339
9576 249
9577 248
9578 246
9579 246
9580 251
9581 306
9582 326
9583 254
9584 250
9585 254
9586 254
9587 254
9588 241
9589 246
9590 253
9591 250
9592 244
9593 250
9594 240
9595 249
9596 251
9597 233
9598 253
9599 249
9600 241
9601 247
9602 249
9603 244
9604 252
9605 236
9606 250
9607 255
9608 246
9609 238
9610 257
9611 254
9612 259
9613 248
9614 256
9615 245
9616 250
9617 249
9618 246
9619 252
9620 238
9621 301
9622 247
9623 250
9624 244
9625 278
9626 381
9627 246
9628 253
9629 240
9630 239
9631 252
9632 316
9633 308
9634 242
9635 241
9636 237
9637 253
9638 242
9639 242
9640 251
9641 232
9642 251
9643 252
9644 247
9645 236
9646 240
9647 243
9648 251
9649 246
9650 245
9651 252
9652 252
9653 241
9654 238
9655 247
9656 237
9657 256
9658 254
9659 248
9660 244
9661 253
9662 241
9663 251
9664 255
9665 246
9666 253
9667 250
9668 240
9669 248
9670 242
9671 243
9672 243
9673 253
9674 238
9675 252
9676 251
9677 260
9678 257
9679 252
9680 243
9681 241
9682 320
9683 310
9684 240
9685 249
9686 245
9687 252
9688 249
9689 255
9690 244
9691 243
9692 239
9693 250
9694 241
9695 236
9696 251
9697 272
9698 243
9699 250
9700 249
9701 249
9702 252
9703 245
9704 256
9705 250
9706 255
9707 254
9708 251
9709 248
9710 250
9711 254
9712 239
9713 236
9714 254
9715 255
9716 248
9717 235
9718 250
9719 252
9720 245
9721 252
9722 241
9723 330
9724 254
9725 253
9726 242
9727 181
9728 312
9729 254
9730 251
9731 256
9732 242
9733 251
9734 321
9735 310
9736 239
9737 251
9738 253
9739 250
9740 257
9741 245
9742 249
9743 307
9744 330
9745 246
9746 245
9747 253
9748 241
9749 245
9750 249
9751 245
9752 247
9753 239
9754 236
9755 249
9756 251
9757 247
9758 247
9759 236
9760 233
9761 247
9762 240
9763 234
9764 246
9765 250
9766 247
9767 245
9768 231
9769 241
9770 248
9771 244
9772 244
9773 247
9774 248
9775 248
9776 243
9777 353
9778 309
9779 333
9780 236
9781 290
9782 246
9783 248
9784 244
9785 339
9786 269
9787 240
9788 243
9789 228
9790 247
9791 243
9792 250
9793 250
9794 248
9795 233
9796 246
9797 235
9798 190
9799 247
9800 248
9801 249
9802 243
9803 252
9804 245
9805 244
9806 246
9807 253
9808 243
9809 242
9810 238
9811 239
9812 230
9813 237
9814 242
9815 243
9816 237
9817 249
9818 246
9819 243
9820 235
9821 239
9822 239
9823 244
9824 245
9825 350
9826 246
9827 236
9828 236
9829 333
9830 254
9831 238
9832 238
9833 246
9834 246
9835 248
9836 305
9837 531
9838 245
9839 235
9840 232
9841 235
9842 238
9843 247
9844 237
9845 233
9846 248
9847 244
9848 240
9849 240
9850 241
9851 245
9852 239
9853 231
9854 250
9855 246
9856 241
9857 238
9858 244
9859 239
9860 247
9861 237
9862 243
9863 243
9864 238
9865 235
9866 239
9867 243
9868 242
9869 236
9870 234
9871 248
9872 248
9873 247
9874 418
9875 362
9876 233
9877 228
9878 245
9879 267
9880 255
9881 239
9882 243
9883 243
9884 225
9885 273
9886 322
9887 237
9888 236
9889 241
9890 236
9891 239
9892 241
9893 246
9894 240
9895 234
9896 237
9897 242
9898 238
9899 232
9900 239
9901 244
9902 238
9903 242
9904 242
9905 247
9906 255
9907 278
9908 230
9909 242
9910 245
9911 229
9912 245
9913 245
9914 243
9915 245
9916 240
9917 235
9918 240
9919 239
9920 236
9921 244
9922 246
9923 237
9924 244
9925 245
9926 238
9927 321
9928 263
9929 236
9930 230
9931 232
9932 343
9933 244
9934 243
9935 234
9936 239
9937 231
9938 237
9939 365
9940 237
9941 234
9942 241
9943 236
9944 233
9945 241
9946 229
9947 228
9948 243
9949 234
9950 246
9951 244
9952 244
9953 244
9954 245
9955 236
9956 234
9957 242
9958 239
9959 244
9960 247
9961 232
9962 246
9963 233
9964 233
9965 239
9966 242
9967 246
9968 243
9969 234
9970 245
9971 240
9972 236
9973 246
9974 244
9975 239
9976 230
9977 226
9978 243
9979 247
9980 350
9981 164
9982 234
9983 246
9984 388
9985 233
9986 238
9987 233
9988 229
9989 301
9990 301
9991 234
9992 238
9993 242
9994 247
9995 241
9996 245
9997 245
9998 226
9999 235
