i t
0 222
1 242
2 337
3 243
4 236
5 248
6 360
7 223
8 224
9 241
10 215
11 220
12 381
13 218
14 214
15 237
16 217
17 223
18 239
19 216
20 202
21 238
22 240
23 221
24 223
25 217
26 242
27 242
28 218
29 220
30 213
31 218
32 224
33 212
34 217
35 214
36 243
37 219
38 294
39 197
40 240
41 218
42 218
43 239
44 233
45 241
46 218
47 241
48 242
49 241
50 214
51 239
52 222
53 241
54 239
55 211
56 237
57 333
58 238
59 223
60 213
61 352
62 220
63 222
64 242
65 220
66 211
67 304
68 221
69 217
70 223
71 218
72 238
73 217
74 218
75 211
76 221
77 238
78 213
79 243
80 211
81 220
82 221
83 221
84 221
85 236
86 239
87 214
88 223
89 241
90 218
91 219
92 233
93 222
94 223
95 239
96 219
97 219
98 220
99 211
100 241
101 211
102 223
103 222
104 213
105 241
106 223
107 235
108 221
109 234
110 241
111 220
112 223
113 362
114 254
115 224
116 221
117 443
118 250
119 219
120 280
121 239
122 331
123 268
124 222
125 221
126 239
127 216
128 222
129 242
130 218
131 213
132 237
133 220
134 216
135 222
136 224
137 236
138 255
139 238
140 219
141 238
142 238
143 220
144 240
145 224
146 218
147 218
148 244
149 234
150 239
151 238
152 221
153 235
154 221
155 241
156 224
157 480
158 219
159 223
160 222
161 218
162 218
163 240
164 242
165 289
166 234
167 366
168 223
169 466
170 267
171 218
172 210
173 217
174 240
175 333
176 213
177 239
178 219
179 223
180 240
181 220
182 233
183 213
184 239
185 215
186 223
187 239
188 240
189 242
190 218
191 281
192 217
193 219
194 219
195 239
196 216
197 237
198 218
199 217
200 218
201 223
202 239
203 234
204 218
205 223
206 221
207 321
208 269
209 236
210 219
211 239
212 219
213 220
214 235
215 218
216 219
217 234
218 227
219 278
220 243
221 222
222 218
223 240
224 220
225 340
226 216
227 240
228 218
229 240
230 217
231 239
232 245
233 219
234 283
235 286
236 240
237 234
238 235
239 222
240 217
241 240
242 220
243 239
244 239
245 276
246 238
247 218
248 215
249 219
250 244
251 220
252 219
253 237
254 242
255 239
256 240
257 216
258 218
259 242
260 243
261 113
262 240
263 222
264 241
265 239
266 238
267 315
268 242
269 240
270 220
271 239
272 238
273 368
274 250
275 237
276 219
277 302
278 262
279 243
280 218
281 241
282 276
283 302
284 300
285 215
286 241
287 215
288 221
289 241
290 240
291 220
292 234
293 219
294 312
295 217
296 221
297 244
298 219
299 235
300 214
301 214
302 240
303 238
304 213
305 218
306 221
307 216
308 244
309 211
310 213
311 222
312 218
313 223
314 214
315 224
316 221
317 223
318 215
319 272
320 244
321 240
322 236
323 218
324 219
325 223
326 236
327 311
328 220
329 218
330 221
331 267
332 308
333 221
334 223
335 219
336 214
337 307
338 320
339 219
340 215
341 239
342 243
343 220
344 240
345 276
346 218
347 217
348 238
349 217
350 239
351 215
352 240
353 237
354 238
355 222
356 252
357 243
358 238
359 218
360 219
361 212
362 215
363 265
364 372
365 310
366 217
367 205
368 217
369 241
370 237
371 221
372 221
373 246
374 218
375 218
376 233
377 242
378 224
379 218
380 215
381 376
382 219
383 242
384 241
385 512
386 286
387 233
388 254
389 221
390 235
391 370
392 219
393 211
394 235
395 221
396 210
397 240
398 220
399 239
400 233
401 238
402 240
403 224
404 240
405 215
406 243
407 235
408 235
409 237
410 238
411 216
412 217
413 220
414 240
415 222
416 220
417 233
418 237
419 216
420 242
421 219
422 220
423 220
424 219
425 223
426 210
427 239
428 220
429 220
430 213
431 240
432 217
433 240
434 204
435 337
436 217
437 235
438 219
439 365
440 221
441 252
442 184
443 213
444 283
445 302
446 223
447 240
448 240
449 221
450 254
451 239
452 221
453 240
454 269
455 221
456 221
457 224
458 241
459 235
460 239
461 241
462 216
463 204
464 217
465 239
466 212
467 239
468 223
469 225
470 214
471 222
472 220
473 222
474 239
475 220
476 222
477 242
478 219
479 220
480 238
481 240
482 211
483 214
484 241
485 234
486 215
487 239
488 216
489 284
490 239
491 223
492 212
493 213
494 341
495 236
496 240
497 238
498 220
499 351
500 221
501 219
502 217
503 238
504 221
505 237
506 241
507 239
508 217
509 220
510 216
511 238
512 239
513 239
514 222
515 148
516 223
517 224
518 214
519 238
520 211
521 223
522 239
523 237
524 214
525 225
526 214
527 242
528 268
529 224
530 220
531 236
532 220
533 238
534 212
535 215
536 236
537 221
538 221
539 219
540 222
541 181
542 235
543 213
544 224
545 337
546 214
547 241
548 220
549 392
550 297
551 220
552 250
553 235
554 304
555 283
556 239
557 220
558 234
559 210
560 220
561 216
562 221
563 212
564 216
565 240
566 239
567 239
568 242
569 218
570 237
571 218
572 222
573 236
574 220
575 236
576 223
577 244
578 163
579 215
580 229
581 239
582 267
583 214
584 220
585 218
586 213
587 239
588 223
589 234
590 221
591 244
592 215
593 212
594 237
595 221
596 221
597 224
598 211
599 223
600 313
601 212
602 210
603 214
604 320
605 218
606 216
607 241
608 239
609 276
610 279
611 241
612 216
613 242
614 223
615 223
616 221
617 241
618 219
619 242
620 240
621 205
622 225
623 220
624 240
625 222
626 222
627 218
628 218
629 238
630 211
631 218
632 215
633 241
634 240
635 237
636 212
637 220
638 218
639 214
640 221
641 236
642 219
643 215
644 219
645 219
646 220
647 226
648 221
649 221
650 242
651 239
652 241
653 217
654 210
655 263
656 280
657 223
658 216
659 237
660 372
661 217
662 221
663 237
664 233
665 282
666 301
667 212
668 234
669 217
670 239
671 220
672 241
673 246
674 217
675 242
676 240
677 223
678 212
679 238
680 238
681 239
682 255
683 239
684 237
685 225
686 249
687 243
688 235
689 238
690 242
691 496
692 411
693 234
694 331
695 359
696 314
697 238
698 316
699 215
700 204
701 223
702 213
703 217
704 220
705 218
706 365
707 382
708 313
709 221
710 385
711 217
712 222
713 232
714 221
715 220
716 368
717 238
718 214
719 222
720 238
721 216
722 211
723 214
724 241
725 218
726 220
727 219
728 239
729 212
730 218
731 222
732 275
733 220
734 238
735 215
736 220
737 218
738 241
739 241
740 217
741 220
742 221
743 211
744 224
745 218
746 222
747 243
748 234
749 219
750 219
751 215
752 221
753 241
754 223
755 213
756 212
757 236
758 218
759 222
760 332
761 223
762 222
763 242
764 257
765 308
766 239
767 220
768 218
769 240
770 591
771 216
772 217
773 216
774 237
775 222
776 216
777 242
778 216
779 215
780 241
781 238
782 212
783 338
784 240
785 212
786 238
787 236
788 222
789 243
790 245
791 212
792 221
793 217
794 216
795 220
796 222
797 235
798 219
799 238
800 242
801 214
802 238
803 223
804 254
805 215
806 244
807 237
808 238
809 245
810 217
811 215
812 222
813 243
814 220
815 219
816 210
817 215
818 259
819 266
820 220
821 209
822 215
823 183
824 287
825 300
826 217
827 243
828 213
829 220
830 222
831 237
832 210
833 237
834 220
835 220
836 223
837 238
838 211
839 214
840 242
841 210
842 252
843 217
844 244
845 220
846 222
847 240
848 240
849 235
850 240
851 268
852 235
853 221
854 216
855 242
856 215
857 213
858 216
859 239
860 242
861 224
862 222
863 238
864 237
865 217
866 208
867 241
868 212
869 237
870 302
871 237
872 214
873 224
874 316
875 295
876 244
877 220
878 225
879 286
880 274
881 241
882 214
883 239
884 205
885 222
886 218
887 242
888 209
889 213
890 233
891 223
892 226
893 220
894 222
895 243
896 222
897 218
898 240
899 242
900 220
901 218
902 222
903 218
904 240
905 216
906 218
907 221
908 237
909 239
910 214
911 225
912 223
913 213
914 211
915 242
916 238
917 243
918 223
919 218
920 244
921 386
922 237
923 218
924 261
925 221
926 278
927 239
928 239
929 325
930 235
931 223
932 238
933 218
934 282
935 282
936 244
937 218
938 242
939 219
940 219
941 253
942 218
943 245
944 220
945 218
946 240
947 220
948 239
949 242
950 215
951 228
952 237
953 217
954 219
955 240
956 213
957 238
958 220
959 237
960 222
961 213
962 224
963 217
964 241
965 219
966 215
967 215
968 214
969 218
970 223
971 241
972 240
973 214
974 224
975 235
976 214
977 221
978 241
979 308
980 310
981 221
982 221
983 258
984 389
985 223
986 220
987 216
988 237
989 406
990 275
991 240
992 214
993 222
994 219
995 219
996 223
997 218
998 241
999 235
1000 221
1001 240
1002 239
1003 215
1004 215
1005 222
1006 219
1007 239
1008 241
1009 220
1010 222
1011 222
1012 222
1013 238
1014 217
1015 222
1016 240
1017 237
1018 220
1019 220
1020 240
1021 218
1022 244
1023 236
1024 212
1025 239
1026 231
1027 217
1028 243
1029 222
1030 218
1031 221
1032 220
1033 238
1034 250
1035 238
1036 213
1037 241
1038 296
1039 241
1040 213
1041 237
1042 223
1043 286
1044 301
1045 217
1046 240
1047 209
1048 239
1049 238
1050 214
1051 223
1052 232
1053 221
1054 243
1055 240
1056 213
1057 241
1058 226
1059 214
1060 222
1061 220
1062 218
1063 246
1064 212
1065 235
1066 239
1067 224
1068 224
1069 221
1070 223
1071 217
1072 220
1073 219
1074 219
1075 243
1076 215
1077 235
1078 217
1079 213
1080 212
1081 238
1082 220
1083 223
1084 244
1085 221
1086 221
1087 242
1088 218
1089 218
1090 305
1091 217
1092 208
1093 223
1094 350
1095 212
1096 210
1097 223
1098 221
1099 252
1100 301
1101 233
1102 238
1103 219
1104 217
1105 219
1106 239
1107 218
1108 241
1109 220
1110 222
1111 220
1112 225
1113 241
1114 225
1115 179
1116 220
1117 280
1118 241
1119 223
1120 240
1121 241
1122 223
1123 220
1124 245
1125 219
1126 238
1127 241
1128 235
1129 220
1130 215
1131 222
1132 216
1133 216
1134 241
1135 238
1136 243
1137 213
1138 222
1139 238
1140 242
1141 217
1142 221
1143 238
1144 220
1145 331
1146 223
1147 220
1148 240
1149 407
1150 213
1151 221
1152 218
1153 276
1154 273
1155 279
1156 222
1157 216
1158 221
1159 243
1160 234
1161 233
1162 210
1163 236
1164 221
1165 220
1166 240
1167 233
1168 222
1169 242
1170 218
1171 242
1172 239
1173 242
1174 221
1175 221
1176 217
1177 241
1178 219
1179 215
1180 223
1181 234
1182 212
1183 221
1184 239
1185 241
1186 218
1187 222
1188 219
1189 239
1190 235
1191 240
1192 222
1193 242
1194 239
1195 240
1196 221
1197 218
1198 224
1199 236
1200 230
1201 239
1202 219
1203 236
1204 350
1205 272
1206 234
1207 220
1208 237
1209 291
1210 301
1211 218
1212 244
1213 221
1214 217
1215 240
1216 223
1217 223
1218 244
1219 215
1220 242
1221 219
1222 218
1223 241
1224 238
1225 217
1226 244
1227 236
1228 236
1229 242
1230 220
1231 216
1232 210
1233 219
1234 220
1235 234
1236 238
1237 220
1238 221
1239 218
1240 241
1241 220
1242 224
1243 235
1244 238
1245 219
1246 240
1247 244
1248 219
1249 220
1250 220
1251 239
1252 221
1253 219
1254 309
1255 258
1256 242
1257 218
1258 294
1259 261
1260 240
1261 217
1262 265
1263 215
1264 384
1265 223
1266 223
1267 241
1268 219
1269 218
1270 215
1271 217
1272 218
1273 224
1274 220
1275 237
1276 396
1277 329
1278 240
1279 238
1280 221
1281 218
1282 215
1283 217
1284 239
1285 234
1286 240
1287 220
1288 221
1289 244
1290 240
1291 220
1292 219
1293 238
1294 223
1295 240
1296 223
1297 221
1298 223
1299 222
1300 244
1301 221
1302 216
1303 231
1304 221
1305 212
1306 223
1307 237
1308 334
1309 242
1310 212
1311 214
1312 364
1313 230
1314 240
1315 243
1316 237
1317 315
1318 285
1319 238
1320 217
1321 243
1322 232
1323 219
1324 216
1325 211
1326 238
1327 242
1328 211
1329 223
1330 183
1331 235
1332 216
1333 224
1334 215
1335 309
1336 239
1337 235
1338 212
1339 213
1340 213
1341 239
1342 238
1343 221
1344 241
1345 233
1346 204
1347 220
1348 217
1349 239
1350 223
1351 224
1352 237
1353 212
1354 219
1355 216
1356 220
1357 211
1358 237
1359 217
1360 238
1361 211
1362 213
1363 320
1364 221
1365 240
1366 240
1367 348
1368 253
1369 213
1370 216
1371 221
1372 270
1373 274
1374 217
1375 236
1376 238
1377 216
1378 240
1379 231
1380 241
1381 237
1382 239
1383 220
1384 223
1385 221
1386 222
1387 241
1388 225
1389 216
1390 225
1391 238
1392 220
1393 222
1394 219
1395 216
1396 221
1397 223
1398 217
1399 216
1400 211
1401 220
1402 242
1403 240
1404 223
1405 222
1406 213
1407 242
1408 239
1409 211
1410 230
1411 242
1412 237
1413 217
1414 241
1415 217
1416 220
1417 214
1418 400
1419 235
1420 242
1421 213
1422 394
1423 215
1424 219
1425 237
1426 217
1427 279
1428 302
1429 223
1430 239
1431 240
1432 212
1433 218
1434 221
1435 223
1436 243
1437 221
1438 216
1439 223
1440 223
1441 216
1442 215
1443 235
1444 219
1445 265
1446 213
1447 237
1448 222
1449 216
1450 234
1451 224
1452 219
1453 240
1454 243
1455 221
1456 224
1457 241
1458 221
1459 222
1460 243
1461 232
1462 219
1463 236
1464 238
1465 214
1466 245
1467 225
1468 217
1469 223
1470 238
1471 216
1472 245
1473 326
1474 225
1475 239
1476 218
1477 437
1478 221
1479 219
1480 223
1481 244
1482 307
1483 305
1484 217
1485 224
1486 231
1487 220
1488 216
1489 222
1490 242
1491 240
1492 223
1493 243
1494 219
1495 242
1496 219
1497 214
1498 218
1499 230
1500 244
1501 222
1502 238
1503 224
1504 213
1505 219
1506 238
1507 240
1508 219
1509 233
1510 216
1511 235
1512 222
1513 215
1514 223
1515 212
1516 222
1517 222
1518 235
1519 215
1520 218
1521 234
1522 238
1523 218
1524 223
1525 220
1526 237
1527 272
1528 294
1529 252
1530 229
1531 224
1532 284
1533 256
1534 220
1535 221
1536 213
1537 287
1538 280
1539 236
1540 242
1541 220
1542 221
1543 211
1544 222
1545 221
1546 211
1547 219
1548 226
1549 240
1550 239
1551 215
1552 216
1553 216
1554 243
1555 221
1556 234
1557 216
1558 221
1559 212
1560 239
1561 222
1562 219
1563 244
1564 242
1565 218
1566 237
1567 216
1568 219
1569 219
1570 240
1571 217
1572 244
1573 210
1574 220
1575 237
1576 217
1577 221
1578 233
1579 220
1580 239
1581 223
1582 240
1583 342
1584 289
1585 216
1586 221
1587 372
1588 246
1589 238
1590 242
1591 219
1592 308
1593 301
1594 217
1595 241
1596 239
1597 217
1598 236
1599 241
1600 239
1601 220
1602 222
1603 223
1604 217
1605 209
1606 213
1607 216
1608 219
1609 224
1610 240
1611 243
1612 238
1613 220
1614 242
1615 220
1616 220
1617 217
1618 219
1619 225
1620 238
1621 219
1622 240
1623 241
1624 223
1625 221
1626 183
1627 219
1628 239
1629 214
1630 238
1631 212
1632 217
1633 218
1634 241
1635 239
1636 235
1637 219
1638 378
1639 320
1640 214
1641 238
1642 326
1643 236
1644 219
1645 217
1646 243
1647 342
1648 256
1649 239
1650 240
1651 244
1652 224
1653 219
1654 222
1655 242
1656 216
1657 213
1658 226
1659 237
1660 223
1661 241
1662 242
1663 218
1664 218
1665 240
1666 217
1667 217
1668 220
1669 236
1670 214
1671 221
1672 236
1673 229
1674 239
1675 242
1676 241
1677 244
1678 239
1679 236
1680 239
1681 220
1682 220
1683 240
1684 221
1685 242
1686 215
1687 241
1688 218
1689 219
1690 211
1691 272
1692 279
1693 277
1694 232
1695 215
1696 310
1697 214
1698 212
1699 222
1700 220
1701 288
1702 299
1703 211
1704 218
1705 238
1706 224
1707 219
1708 216
1709 236
1710 217
1711 244
1712 244
1713 217
1714 211
1715 239
1716 218
1717 239
1718 246
1719 215
1720 221
1721 242
1722 217
1723 236
1724 244
1725 215
1726 235
1727 240
1728 221
1729 239
1730 216
1731 223
1732 234
1733 241
1734 214
1735 239
1736 233
1737 218
1738 216
1739 216
1740 238
1741 218
1742 237
1743 212
1744 214
1745 217
1746 222
1747 325
1748 271
1749 221
1750 242
1751 402
1752 223
1753 235
1754 218
1755 217
1756 263
1757 283
1758 222
1759 234
1760 218
1761 244
1762 220
1763 225
1764 217
1765 236
1766 221
1767 234
1768 297
1769 352
1770 239
1771 215
1772 254
1773 324
1774 262
1775 254
1776 216
1777 326
1778 225
1779 326
1780 214
1781 240
1782 244
1783 347
1784 237
1785 369
1786 222
1787 221
1788 237
1789 241
1790 241
1791 221
1792 291
1793 219
1794 217
1795 216
1796 215
1797 235
1798 293
1799 219
1800 212
1801 216
1802 237
1803 532
1804 327
1805 223
1806 225
1807 219
1808 224
1809 374
1810 211
1811 222
1812 218
1813 239
1814 238
1815 240
1816 214
1817 241
1818 220
1819 220
1820 216
1821 215
1822 233
1823 240
1824 268
1825 216
1826 218
1827 308
1828 321
1829 215
1830 205
1831 349
1832 239
1833 224
1834 299
1835 251
1836 241
1837 220
1838 216
1839 234
1840 217
1841 213
1842 242
1843 220
1844 219
1845 221
1846 221
1847 233
1848 240
1849 217
1850 262
1851 240
1852 203
1853 215
1854 223
1855 239
1856 461
1857 214
1858 210
1859 246
1860 234
1861 214
1862 234
1863 302
1864 303
1865 238
1866 219
1867 237
1868 212
1869 211
1870 218
1871 219
1872 216
1873 215
1874 245
1875 219
1876 218
1877 472
1878 223
1879 220
1880 212
1881 242
1882 237
1883 225
1884 226
1885 220
1886 220
1887 224
1888 241
1889 219
1890 239
1891 238
1892 224
1893 223
1894 238
1895 216
1896 236
1897 213
1898 225
1899 223
1900 213
1901 219
1902 215
1903 238
1904 309
1905 213
1906 219
1907 218
1908 220
1909 333
1910 223
1911 238
1912 239
1913 221
1914 244
1915 288
1916 282
1917 242
1918 239
1919 225
1920 216
1921 240
1922 241
1923 239
1924 241
1925 215
1926 242
1927 221
1928 216
1929 215
1930 219
1931 266
1932 219
1933 238
1934 238
1935 215
1936 241
1937 220
1938 237
1939 221
1940 221
1941 237
1942 233
1943 223
1944 216
1945 219
1946 218
1947 218
1948 243
1949 242
1950 243
1951 223
1952 238
1953 218
1954 246
1955 221
1956 214
1957 212
1958 217
1959 356
1960 218
1961 213
1962 220
1963 214
1964 310
1965 285
1966 219
1967 263
1968 237
1969 218
1970 220
1971 297
1972 324
1973 239
1974 237
1975 234
1976 425
1977 220
1978 218
1979 244
1980 234
1981 239
1982 222
1983 221
1984 220
1985 256
1986 209
1987 214
1988 220
1989 234
1990 240
1991 222
1992 240
1993 224
1994 221
1995 210
1996 217
1997 223
1998 213
1999 245
2000 218
2001 219
2002 214
2003 218
2004 219
2005 216
2006 220
2007 224
2008 237
2009 219
2010 240
2011 216
2012 242
2013 318
2014 250
2015 219
2016 218
2017 216
2018 339
2019 371
2020 243
2021 221
2022 241
2023 223
2024 338
2025 301
2026 234
2027 221
2028 221
2029 216
2030 240
2031 219
2032 240
2033 238
2034 216
2035 213
2036 217
2037 239
2038 226
2039 241
2040 214
2041 219
2042 222
2043 240
2044 235
2045 220
2046 220
2047 241
2048 241
2049 241
2050 223
2051 238
2052 222
2053 220
2054 220
2055 217
2056 240
2057 222
2058 215
2059 214
2060 240
2061 218
2062 222
2063 245
2064 217
2065 235
2066 213
2067 219
2068 304
2069 250
2070 221
2071 239
2072 193
2073 555
2074 258
2075 259
2076 218
2077 237
2078 221
2079 323
2080 302
2081 241
2082 220
2083 222
2084 250
2085 244
2086 220
2087 222
2088 243
2089 218
2090 227
2091 245
2092 225
2093 248
2094 247
2095 245
2096 227
2097 221
2098 225
2099 248
2100 222
2101 220
2102 239
2103 242
2104 227
2105 248
2106 240
2107 226
2108 219
2109 222
2110 226
2111 247
2112 223
2113 186
2114 229
2115 223
2116 230
2117 241
2118 226
2119 215
2120 229
2121 230
2122 224
2123 225
2124 222
2125 223
2126 325
2127 231
2128 225
2129 227
2130 227
2131 221
2132 295
2133 280
2134 208
2135 231
2136 219
2137 243
2138 218
2139 225
2140 218
2141 227
2142 227
2143 225
2144 222
2145 241
2146 228
2147 243
2148 226
2149 229
2150 223
2151 219
2152 226
2153 223
2154 218
2155 218
2156 250
2157 164
2158 247
2159 227
2160 247
2161 244
2162 243
2163 230
2164 241
2165 221
2166 228
2167 218
2168 244
2169 246
2170 224
2171 225
2172 246
2173 245
2174 244
2175 245
2176 287
2177 244
2178 222
2179 219
2180 245
2181 292
2182 243
2183 248
2184 216
2185 226
2186 192
2187 293
2188 311
2189 218
2190 245
2191 240
2192 225
2193 224
2194 247
2195 229
2196 237
2197 240
2198 240
2199 246
2200 227
2201 220
2202 226
2203 216
2204 225
2205 227
2206 223
2207 224
2208 220
2209 225
2210 224
2211 228
2212 224
2213 225
2214 218
2215 250
2216 222
2217 225
2218 246
2219 248
2220 246
2221 227
2222 246
2223 218
2224 224
2225 224
2226 245
2227 225
2228 225
2229 245
2230 248
2231 298
2232 247
2233 247
2234 221
2235 323
2236 245
2237 216
2238 248
2239 223
2240 224
2241 293
2242 312
2243 239
2244 226
2245 229
2246 248
2247 218
2248 247
2249 244
2250 220
2251 244
2252 222
2253 221
2254 223
2255 222
2256 248
2257 217
2258 244
2259 228
2260 247
2261 216
2262 252
2263 227
2264 242
2265 243
2266 372
2267 244
2268 224
2269 219
2270 216
2271 229
2272 226
2273 224
2274 244
2275 222
2276 244
2277 225
2278 248
2279 219
2280 225
2281 230
2282 223
2283 239
2284 344
2285 221
2286 219
2287 244
2288 260
2289 319
2290 221
2291 226
2292 246
2293 241
2294 244
2295 354
2296 225
2297 222
2298 244
2299 226
2300 227
2301 226
2302 222
2303 243
2304 222
2305 245
2306 239
2307 241
2308 220
2309 243
2310 226
2311 223
2312 244
2313 245
2314 224
2315 226
2316 247
2317 218
2318 245
2319 241
2320 290
2321 278
2322 243
2323 227
2324 225
2325 247
2326 279
2327 326
2328 246
2329 225
2330 242
2331 223
2332 219
2333 245
2334 219
2335 223
2336 245
2337 247
2338 221
2339 227
2340 220
2341 226
2342 361
2343 244
2344 240
2345 216
2346 227
2347 247
2348 291
2349 310
2350 223
2351 246
2352 224
2353 245
2354 218
2355 227
2356 244
2357 215
2358 221
2359 215
2360 226
2361 250
2362 223
2363 219
2364 338
2365 220
2366 222
2367 215
2368 332
2369 250
2370 228
2371 247
2372 247
2373 223
2374 222
2375 215
2376 238
2377 217
2378 241
2379 229
2380 216
2381 241
2382 223
2383 246
2384 227
2385 244
2386 220
2387 350
2388 227
2389 218
2390 261
2391 239
2392 245
2393 224
2394 220
2395 301
2396 256
2397 216
2398 246
2399 245
2400 243
2401 308
2402 285
2403 245
2404 248
2405 236
2406 226
2407 224
2408 246
2409 223
2410 213
2411 223
2412 219
2413 242
2414 240
2415 212
2416 239
2417 220
2418 220
2419 221
2420 218
2421 212
2422 221
2423 223
2424 241
2425 235
2426 221
2427 237
2428 219
2429 239
2430 214
2431 235
2432 221
2433 219
2434 238
2435 251
2436 217
2437 216
2438 212
2439 241
2440 240
2441 240
2442 226
2443 215
2444 237
2445 365
2446 239
2447 241
2448 215
2449 304
2450 270
2451 240
2452 241
2453 218
2454 220
2455 244
2456 351
2457 224
2458 240
2459 214
2460 242
2461 222
2462 246
2463 239
2464 239
2465 211
2466 211
2467 213
2468 219
2469 217
2470 239
2471 236
2472 242
2473 221
2474 242
2475 210
2476 222
2477 215
2478 217
2479 237
2480 222
2481 220
2482 239
2483 220
2484 219
2485 225
2486 216
2487 214
2488 244
2489 228
2490 214
2491 218
2492 241
2493 213
2494 241
2495 219
2496 218
2497 217
2498 224
2499 242
2500 324
2501 219
2502 216
2503 215
2504 243
2505 380
2506 258
2507 238
2508 223
2509 209
2510 237
2511 306
2512 280
2513 234
2514 220
2515 222
2516 222
2517 241
2518 215
2519 214
2520 209
2521 221
2522 214
2523 243
2524 218
2525 219
2526 241
2527 211
2528 241
2529 217
2530 210
2531 241
2532 223
2533 218
2534 220
2535 220
2536 220
2537 213
2538 238
2539 219
2540 220
2541 215
2542 241
2543 213
2544 235
2545 220
2546 242
2547 212
2548 240
2549 216
2550 241
2551 222
2552 244
2553 237
2554 236
2555 328
2556 239
2557 239
2558 220
2559 219
2560 360
2561 240
2562 221
2563 216
2564 237
2565 218
2566 271
2567 276
2568 215
2569 237
2570 217
2571 219
2572 220
2573 215
2574 237
2575 218
2576 223
2577 226
2578 214
2579 223
2580 355
2581 318
2582 220
2583 200
2584 243
2585 240
2586 236
2587 223
2588 219
2589 239
2590 244
2591 239
2592 292
2593 220
2594 242
2595 221
2596 218
2597 222
2598 223
2599 215
2600 213
2601 213
2602 237
2603 213
2604 237
2605 217
2606 224
2607 219
2608 220
2609 222
2610 356
2611 236
2612 240
2613 241
2614 405
2615 239
2616 221
2617 217
2618 220
2619 239
2620 282
2621 277
2622 243
2623 244
2624 224
2625 216
2626 215
2627 366
2628 284
2629 240
2630 216
2631 213
2632 243
2633 213
2634 235
2635 260
2636 217
2637 236
2638 212
2639 243
2640 232
2641 213
2642 242
2643 239
2644 216
2645 254
2646 231
2647 217
2648 216
2649 214
2650 219
2651 221
2652 242
2653 239
2654 237
2655 224
2656 218
2657 277
2658 215
2659 219
2660 239
2661 240
2662 223
2663 312
2664 239
2665 225
2666 224
2667 317
2668 222
2669 241
2670 222
2671 221
2672 281
2673 285
2674 225
2675 222
2676 238
2677 218
2678 218
2679 222
2680 220
2681 240
2682 215
2683 244
2684 241
2685 242
2686 218
2687 218
2688 233
2689 218
2690 238
2691 236
2692 242
2693 222
2694 243
2695 209
2696 216
2697 220
2698 239
2699 240
2700 210
2701 211
2702 222
2703 216
2704 211
2705 239
2706 212
2707 244
2708 216
2709 217
2710 220
2711 237
2712 218
2713 241
2714 239
2715 241
2716 261
2717 237
2718 240
2719 217
2720 217
2721 220
2722 250
2723 330
2724 242
2725 222
2726 213
2727 213
2728 282
2729 286
2730 241
2731 217
2732 244
2733 222
2734 220
2735 224
2736 242
2737 221
2738 215
2739 212
2740 214
2741 219
2742 216
2743 240
2744 238
2745 215
2746 218
2747 216
2748 217
2749 237
2750 216
2751 239
2752 239
2753 235
2754 239
2755 241
2756 218
2757 217
2758 216
2759 237
2760 220
2761 216
2762 239
2763 219
2764 216
2765 214
2766 222
2767 224
2768 218
2769 240
2770 217
2771 236
2772 222
2773 211
2774 330
2775 244
2776 222
2777 232
2778 314
2779 222
2780 220
2781 214
2782 233
2783 215
2784 383
2785 218
2786 214
2787 217
2788 412
2789 238
2790 223
2791 241
2792 216
2793 219
2794 220
2795 221
2796 243
2797 236
2798 241
2799 240
2800 238
2801 222
2802 240
2803 239
2804 213
2805 216
2806 243
2807 241
2808 213
2809 342
2810 251
2811 249
2812 221
2813 233
2814 220
2815 238
2816 214
2817 228
2818 220
2819 243
2820 237
2821 241
2822 247
2823 215
2824 240
2825 241
2826 240
2827 309
2828 218
2829 228
2830 237
2831 343
2832 239
2833 211
2834 237
2835 216
2836 225
2837 380
2838 241
2839 216
2840 238
2841 219
2842 238
2843 215
2844 217
2845 222
2846 232
2847 218
2848 224
2849 358
2850 358
2851 241
2852 238
2853 240
2854 215
2855 219
2856 211
2857 236
2858 212
2859 213
2860 214
2861 221
2862 243
2863 244
2864 219
2865 223
2866 220
2867 215
2868 216
2869 223
2870 223
2871 216
2872 222
2873 222
2874 215
2875 232
2876 226
2877 235
2878 221
2879 217
2880 242
2881 300
2882 218
2883 241
2884 236
2885 263
2886 326
2887 239
2888 219
2889 244
2890 243
2891 317
2892 234
2893 220
2894 216
2895 223
2896 219
2897 238
2898 239
2899 235
2900 224
2901 214
2902 240
2903 238
2904 219
2905 223
2906 237
2907 241
2908 226
2909 219
2910 237
2911 238
2912 242
2913 244
2914 217
2915 219
2916 162
2917 212
2918 217
2919 237
2920 240
2921 242
2922 221
2923 218
2924 213
2925 215
2926 220
2927 239
2928 242
2929 239
2930 221
2931 237
2932 219
2933 242
2934 214
2935 216
2936 279
2937 254
2938 220
2939 213
2940 325
2941 276
2942 241
2943 222
2944 214
2945 218
2946 367
2947 240
2948 218
2949 236
2950 215
2951 213
2952 219
2953 223
2954 234
2955 217
2956 217
2957 221
2958 215
2959 220
2960 221
2961 212
2962 239
2963 216
2964 219
2965 243
2966 221
2967 212
2968 215
2969 232
2970 219
2971 222
2972 218
2973 223
2974 219
2975 212
2976 241
2977 218
2978 236
2979 223
2980 239
2981 224
2982 212
2983 220
2984 237
2985 218
2986 226
2987 214
2988 218
2989 218
2990 240
2991 218
2992 396
2993 221
2994 215
2995 216
2996 361
2997 218
2998 223
2999 215
3000 237
3001 287
3002 304
3003 220
3004 219
3005 245
3006 222
3007 240
3008 241
3009 218
3010 226
3011 216
3012 216
3013 222
3014 216
3015 243
3016 238
3017 239
3018 219
3019 236
3020 222
3021 245
3022 222
3023 219
3024 220
3025 222
3026 219
3027 239
3028 239
3029 219
3030 242
3031 212
3032 243
3033 221
3034 235
3035 240
3036 218
3037 222
3038 219
3039 214
3040 240
3041 239
3042 236
3043 237
3044 222
3045 222
3046 219
3047 322
3048 216
3049 225
3050 220
3051 377
3052 247
3053 224
3054 235
3055 211
3056 311
3057 301
3058 220
3059 240
3060 220
3061 238
3062 219
3063 242
3064 219
3065 221
3066 221
3067 212
3068 233
3069 222
3070 222
3071 237
3072 242
3073 221
3074 254
3075 221
3076 221
3077 221
3078 237
3079 220
3080 243
3081 227
3082 218
3083 221
3084 212
3085 215
3086 233
3087 242
3088 238
3089 221
3090 239
3091 242
3092 256
3093 220
3094 233
3095 219
3096 238
3097 211
3098 242
3099 245
3100 219
3101 351
3102 238
3103 210
3104 223
3105 345
3106 251
3107 215
3108 216
3109 210
3110 217
3111 358
3112 216
3113 223
3114 235
3115 221
3116 222
3117 216
3118 240
3119 240
3120 243
3121 241
3122 216
3123 218
3124 236
3125 244
3126 215
3127 223
3128 254
3129 240
3130 220
3131 237
3132 221
3133 240
3134 243
3135 222
3136 220
3137 242
3138 239
3139 220
3140 239
3141 240
3142 241
3143 221
3144 220
3145 238
3146 236
3147 221
3148 218
3149 221
3150 226
3151 216
3152 236
3153 222
3154 217
3155 219
3156 308
3157 276
3158 235
3159 223
3160 513
3161 222
3162 221
3163 278
3164 221
3165 283
3166 291
3167 217
3168 241
3169 235
3170 236
3171 240
3172 222
3173 216
3174 220
3175 233
3176 236
3177 223
3178 240
3179 227
3180 222
3181 223
3182 243
3183 232
3184 241
3185 218
3186 222
3187 218
3188 223
3189 240
3190 220
3191 242
3192 222
3193 214
3194 238
3195 203
3196 231
3197 218
3198 222
3199 224
3200 221
3201 240
3202 218
3203 224
3204 203
3205 234
3206 241
3207 241
3208 233
3209 218
3210 381
3211 221
3212 219
3213 220
3214 359
3215 213
3216 236
3217 240
3218 232
3219 285
3220 275
3221 211
3222 220
3223 211
3224 234
3225 225
3226 217
3227 242
3228 241
3229 234
3230 218
3231 218
3232 218
3233 232
3234 220
3235 213
3236 222
3237 240
3238 210
3239 221
3240 221
3241 217
3242 240
3243 243
3244 215
3245 241
3246 225
3247 213
3248 303
3249 218
3250 233
3251 217
3252 223
3253 212
3254 217
3255 240
3256 237
3257 217
3258 217
3259 239
3260 220
3261 224
3262 231
3263 220
3264 241
3265 250
3266 212
3267 210
3268 221
3269 302
3270 251
3271 218
3272 223
3273 213
3274 216
3275 367
3276 216
3277 221
3278 220
3279 222
3280 221
3281 221
3282 239
3283 218
3284 239
3285 238
3286 217
3287 213
3288 219
3289 223
3290 239
3291 221
3292 177
3293 217
3294 238
3295 233
3296 220
3297 243
3298 219
3299 223
3300 221
3301 240
3302 239
3303 220
3304 218
3305 245
3306 223
3307 220
3308 216
3309 220
3310 217
3311 219
3312 238
3313 215
3314 221
3315 219
3316 221
3317 240
3318 217
3319 236
3320 238
3321 363
3322 221
3323 222
3324 238
3325 394
3326 224
3327 223
3328 222
3329 218
3330 285
3331 281
3332 236
3333 242
3334 240
3335 239
3336 222
3337 253
3338 222
3339 240
3340 218
3341 221
3342 240
3343 242
3344 242
3345 238
3346 225
3347 249
3348 240
3349 239
3350 220
3351 215
3352 216
3353 216
3354 239
3355 219
3356 243
3357 221
3358 214
3359 162
3360 239
3361 221
3362 238
3363 223
3364 219
3365 221
3366 220
3367 240
3368 221
3369 226
3370 241
3371 234
3372 242
3373 212
3374 217
3375 535
3376 269
3377 213
3378 222
3379 368
3380 218
3381 225
3382 214
3383 243
3384 258
3385 297
3386 218
3387 220
3388 216
3389 241
3390 241
3391 241
3392 244
3393 242
3394 220
3395 216
3396 426
3397 451
3398 286
3399 295
3400 219
3401 215
3402 239
3403 237
3404 242
3405 211
3406 238
3407 212
3408 237
3409 242
3410 221
3411 215
3412 219
3413 235
3414 222
3415 220
3416 207
3417 219
3418 245
3419 214
3420 216
3421 216
3422 238
3423 217
3424 236
3425 217
3426 214
3427 252
3428 364
3429 223
3430 219
3431 243
3432 283
3433 239
3434 222
3435 214
3436 215
3437 303
3438 250
3439 215
3440 241
3441 224
3442 221
3443 239
3444 244
3445 235
3446 226
3447 222
3448 239
3449 224
3450 215
3451 235
3452 220
3453 221
3454 213
3455 221
3456 243
3457 246
3458 242
3459 240
3460 221
3461 216
3462 212
3463 242
3464 237
3465 239
3466 219
3467 239
3468 214
3469 223
3470 237
3471 379
3472 219
3473 216
3474 238
3475 217
3476 216
3477 238
3478 235
3479 237
3480 221
3481 239
3482 255
3483 222
3484 218
3485 222
3486 273
3487 432
3488 224
3489 222
3490 236
3491 218
3492 369
3493 239
3494 211
3495 237
3496 212
3497 240
3498 222
3499 241
3500 215
3501 214
3502 221
3503 222
3504 235
3505 241
3506 244
3507 240
3508 241
3509 241
3510 224
3511 222
3512 220
3513 216
3514 219
3515 222
3516 215
3517 224
3518 243
3519 211
3520 218
3521 220
3522 242
3523 238
3524 218
3525 222
3526 217
3527 217
3528 242
3529 234
3530 220
3531 245
3532 220
3533 237
3534 217
3535 237
3536 220
3537 359
3538 243
3539 334
3540 373
3541 481
3542 309
3543 350
3544 220
3545 212
3546 239
3547 242
3548 218
3549 280
3550 280
3551 237
3552 218
3553 241
3554 223
3555 235
3556 212
3557 214
3558 244
3559 221
3560 224
3561 241
3562 216
3563 211
3564 235
3565 223
3566 236
3567 224
3568 240
3569 221
3570 239
3571 221
3572 221
3573 214
3574 239
3575 220
3576 268
3577 213
3578 239
3579 236
3580 245
3581 220
3582 223
3583 223
3584 214
3585 222
3586 221
3587 214
3588 221
3589 348
3590 221
3591 235
3592 239
3593 323
3594 362
3595 240
3596 254
3597 239
3598 299
3599 303
3600 215
3601 224
3602 220
3603 211
3604 219
3605 238
3606 236
3607 221
3608 220
3609 237
3610 241
3611 211
3612 232
3613 218
3614 221
3615 374
3616 348
3617 238
3618 240
3619 211
3620 224
3621 215
3622 241
3623 216
3624 242
3625 230
3626 221
3627 239
3628 224
3629 214
3630 214
3631 245
3632 236
3633 220
3634 220
3635 238
3636 243
3637 216
3638 239
3639 219
3640 222
3641 243
3642 325
3643 218
3644 221
3645 219
3646 350
3647 320
3648 220
3649 219
3650 259
3651 380
3652 285
3653 221
3654 219
3655 239
3656 234
3657 219
3658 215
3659 221
3660 213
3661 219
3662 238
3663 219
3664 233
3665 242
3666 238
3667 239
3668 299
3669 212
3670 218
3671 213
3672 223
3673 222
3674 219
3675 239
3676 216
3677 240
3678 237
3679 215
3680 220
3681 202
3682 239
3683 221
3684 368
3685 223
3686 222
3687 216
3688 238
3689 237
3690 222
3691 213
3692 225
3693 239
3694 224
3695 235
3696 319
3697 232
3698 238
3699 242
3700 297
3701 214
3702 217
3703 217
3704 300
3705 297
3706 276
3707 212
3708 243
3709 217
3710 215
3711 242
3712 218
3713 235
3714 243
3715 226
3716 243
3717 246
3718 223
3719 229
3720 244
3721 225
3722 240
3723 226
3724 218
3725 224
3726 222
3727 247
3728 248
3729 221
3730 246
3731 230
3732 223
3733 227
3734 228
3735 245
3736 224
3737 226
3738 215
3739 249
3740 215
3741 221
3742 228
3743 219
3744 227
3745 217
3746 224
3747 224
3748 248
3749 237
3750 282
3751 225
3752 224
3753 239
3754 252
3755 263
3756 243
3757 245
3758 224
3759 167
3760 308
3761 258
3762 242
3763 244
3764 216
3765 221
3766 226
3767 230
3768 239
3769 222
3770 245
3771 246
3772 340
3773 249
3774 216
3775 226
3776 239
3777 244
3778 223
3779 248
3780 225
3781 247
3782 224
3783 220
3784 246
3785 228
3786 243
3787 245
3788 243
3789 226
3790 424
3791 288
3792 241
3793 224
3794 229
3795 224
3796 244
3797 224
3798 218
3799 223
3800 245
3801 222
3802 231
3803 245
3804 245
3805 220
3806 219
3807 240
3808 302
3809 251
3810 219
3811 225
3812 245
3813 318
3814 257
3815 247
3816 236
3817 239
3818 226
3819 227
3820 227
3821 218
3822 225
3823 215
3824 219
3825 247
3826 218
3827 247
3828 229
3829 246
3830 228
3831 225
3832 225
3833 221
3834 216
3835 220
3836 225
3837 216
3838 241
3839 217
3840 223
3841 222
3842 229
3843 231
3844 244
3845 223
3846 226
3847 224
3848 255
3849 243
3850 247
3851 225
3852 246
3853 244
3854 221
3855 226
3856 227
3857 245
3858 279
3859 229
3860 233
3861 227
3862 338
3863 223
3864 227
3865 242
3866 228
3867 306
3868 292
3869 227
3870 226
3871 230
3872 244
3873 229
3874 228
3875 245
3876 224
3877 242
3878 218
3879 443
3880 396
3881 246
3882 246
3883 190
3884 222
3885 243
3886 225
3887 222
3888 247
3889 243
3890 226
3891 230
3892 225
3893 222
3894 221
3895 217
3896 240
3897 271
3898 276
3899 240
3900 240
3901 223
3902 220
3903 221
3904 243
3905 246
3906 227
3907 216
3908 223
3909 227
3910 226
3911 281
3912 228
3913 225
3914 241
3915 346
3916 242
3917 214
3918 242
3919 219
3920 285
3921 312
3922 225
3923 222
3924 225
3925 216
3926 247
3927 245
3928 243
3929 243
3930 245
3931 227
3932 226
3933 224
3934 239
3935 243
3936 245
3937 244
3938 219
3939 224
3940 251
3941 220
3942 206
3943 244
3944 219
3945 226
3946 243
3947 248
3948 226
3949 215
3950 240
3951 242
3952 223
3953 243
3954 218
3955 224
3956 223
3957 248
3958 225
3959 226
3960 228
3961 220
3962 226
3963 224
3964 218
3965 268
3966 242
3967 225
3968 245
3969 328
3970 225
3971 215
3972 220
3973 222
3974 220
3975 321
3976 225
3977 242
3978 244
3979 242
3980 227
3981 245
3982 215
3983 225
3984 247
3985 247
3986 225
3987 225
3988 219
3989 224
3990 224
3991 245
3992 218
3993 220
3994 224
3995 247
3996 245
3997 240
3998 224
3999 246
4000 236
4001 246
4002 243
4003 225
4004 242
4005 218
4006 245
4007 219
4008 224
4009 230
4010 241
4011 249
4012 215
4013 227
4014 245
4015 223
4016 248
4017 242
4018 245
4019 240
4020 248
4021 278
4022 223
4023 265
4024 286
4025 238
4026 241
4027 241
4028 314
4029 290
4030 221
4031 240
4032 225
4033 246
4034 248
4035 222
4036 238
4037 240
4038 218
4039 220
4040 233
4041 212
4042 221
4043 240
4044 221
4045 221
4046 261
4047 241
4048 240
4049 241
4050 215
4051 243
4052 216
4053 236
4054 218
4055 218
4056 446
4057 241
4058 219
4059 221
4060 214
4061 216
4062 242
4063 234
4064 240
4065 219
4066 219
4067 213
4068 218
4069 240
4070 241
4071 243
4072 247
4073 340
4074 216
4075 248
4076 217
4077 355
4078 223
4079 223
4080 232
4081 227
4082 335
4083 249
4084 223
4085 241
4086 238
4087 219
4088 216
4089 236
4090 217
4091 224
4092 240
4093 240
4094 243
4095 223
4096 221
4097 237
4098 238
4099 273
4100 241
4101 243
4102 218
4103 240
4104 236
4105 241
4106 220
4107 242
4108 280
4109 224
4110 239
4111 213
4112 211
4113 218
4114 220
4115 239
4116 235
4117 221
4118 237
4119 210
4120 220
4121 234
4122 212
4123 236
4124 240
4125 216
4126 218
4127 347
4128 220
4129 211
4130 186
4131 349
4132 237
4133 243
4134 219
4135 277
4136 298
4137 296
4138 226
4139 221
4140 213
4141 240
4142 219
4143 222
4144 219
4145 238
4146 241
4147 218
4148 215
4149 238
4150 211
4151 220
4152 221
4153 221
4154 269
4155 224
4156 213
4157 237
4158 223
4159 238
4160 238
4161 219
4162 242
4163 217
4164 214
4165 218
4166 214
4167 242
4168 217
4169 235
4170 221
4171 239
4172 214
4173 221
4174 212
4175 220
4176 219
4177 219
4178 210
4179 237
4180 217
4181 242
4182 306
4183 220
4184 282
4185 218
4186 329
4187 245
4188 216
4189 219
4190 222
4191 219
4192 295
4193 245
4194 220
4195 216
4196 242
4197 241
4198 246
4199 215
4200 243
4201 238
4202 237
4203 241
4204 242
4205 223
4206 222
4207 239
4208 214
4209 214
4210 218
4211 222
4212 221
4213 215
4214 215
4215 219
4216 220
4217 219
4218 242
4219 216
4220 243
4221 214
4222 241
4223 221
4224 276
4225 216
4226 237
4227 242
4228 222
4229 237
4230 240
4231 242
4232 216
4233 220
4234 220
4235 221
4236 219
4237 333
4238 216
4239 236
4240 220
4241 377
4242 233
4243 219
4244 220
4245 215
4246 300
4247 329
4248 241
4249 241
4250 221
4251 215
4252 222
4253 223
4254 238
4255 224
4256 223
4257 227
4258 222
4259 240
4260 217
4261 243
4262 221
4263 232
4264 217
4265 220
4266 223
4267 239
4268 216
4269 219
4270 242
4271 205
4272 217
4273 220
4274 217
4275 241
4276 240
4277 238
4278 219
4279 241
4280 242
4281 218
4282 219
4283 211
4284 229
4285 215
4286 242
4287 215
4288 224
4289 221
4290 241
4291 243
4292 252
4293 225
4294 239
4295 222
4296 285
4297 239
4298 211
4299 243
4300 219
4301 248
4302 297
4303 225
4304 237
4305 239
4306 239
4307 243
4308 224
4309 216
4310 223
4311 215
4312 215
4313 223
4314 222
4315 239
4316 215
4317 212
4318 213
4319 223
4320 240
4321 237
4322 241
4323 214
4324 217
4325 223
4326 220
4327 218
4328 241
4329 213
4330 219
4331 213
4332 240
4333 242
4334 221
4335 224
4336 217
4337 224
4338 218
4339 237
4340 221
4341 221
4342 240
4343 216
4344 220
4345 238
4346 220
4347 220
4348 336
4349 256
4350 243
4351 242
4352 346
4353 220
4354 224
4355 181
4356 218
4357 240
4358 348
4359 217
4360 215
4361 234
4362 212
4363 223
4364 216
4365 217
4366 222
4367 212
4368 232
4369 240
4370 221
4371 221
4372 222
4373 238
4374 240
4375 244
4376 212
4377 220
4378 223
4379 221
4380 215
4381 239
4382 215
4383 223
4384 224
4385 220
4386 239
4387 219
4388 221
4389 220
4390 239
4391 238
4392 239
4393 241
4394 220
4395 219
4396 241
4397 245
4398 221
4399 215
4400 214
4401 217
4402 224
4403 408
4404 236
4405 213
4406 245
4407 333
4408 220
4409 240
4410 220
4411 214
4412 282
4413 304
4414 225
4415 219
4416 217
4417 220
4418 241
4419 213
4420 220
4421 243
4422 339
4423 213
4424 215
4425 213
4426 215
4427 239
4428 218
4429 214
4430 219
4431 337
4432 238
4433 241
4434 238
4435 234
4436 222
4437 222
4438 245
4439 355
4440 264
4441 276
4442 221
4443 244
4444 221
4445 235
4446 215
4447 242
4448 218
4449 216
4450 220
4451 213
4452 216
4453 234
4454 215
4455 224
4456 243
4457 218
4458 224
4459 220
4460 218
4461 355
4462 213
4463 212
4464 417
4465 217
4466 366
4467 265
4468 218
4469 237
4470 215
4471 201
4472 503
4473 539
4474 718
4475 390
4476 262
4477 291
4478 299
4479 239
4480 239
4481 220
4482 279
4483 235
4484 221
4485 220
4486 238
4487 232
4488 220
4489 235
4490 229
4491 254
4492 238
4493 241
4494 221
4495 239
4496 239
4497 328
4498 222
4499 239
4500 236
4501 220
4502 221
4503 220
4504 295
4505 297
4506 239
4507 211
4508 348
4509 305
4510 246
4511 221
4512 243
4513 294
4514 327
4515 219
4516 226
4517 202
4518 237
4519 238
4520 217
4521 221
4522 220
4523 220
4524 243
4525 333
4526 220
4527 225
4528 213
4529 242
4530 250
4531 242
4532 221
4533 255
4534 216
4535 224
4536 241
4537 218
4538 237
4539 240
4540 220
4541 215
4542 221
4543 223
4544 234
4545 218
4546 243
4547 222
4548 212
4549 238
4550 243
4551 235
4552 241
4553 217
4554 216
4555 240
4556 215
4557 242
4558 309
4559 221
4560 214
4561 220
4562 346
4563 219
4564 218
4565 219
4566 211
4567 305
4568 270
4569 244
4570 212
4571 239
4572 219
4573 222
4574 243
4575 233
4576 220
4577 214
4578 212
4579 217
4580 221
4581 241
4582 242
4583 216
4584 219
4585 241
4586 222
4587 242
4588 213
4589 218
4590 220
4591 220
4592 220
4593 243
4594 241
4595 299
4596 318
4597 273
4598 304
4599 292
4600 361
4601 272
4602 295
4603 220
4604 366
4605 290
4606 280
4607 211
4608 365
4609 531
4610 524
4611 427
4612 557
4613 224
4614 237
4615 251
4616 367
4617 470
4618 241
4619 216
4620 221
4621 253
4622 222
4623 222
4624 241
4625 228
4626 225
4627 224
4628 218
4629 242
4630 248
4631 223
4632 270
4633 242
4634 230
4635 225
4636 225
4637 218
4638 226
4639 243
4640 246
4641 221
4642 223
4643 227
4644 244
4645 225
4646 232
4647 240
4648 246
4649 217
4650 213
4651 235
4652 234
4653 222
4654 219
4655 221
4656 212
4657 275
4658 343
4659 254
4660 216
4661 267
4662 353
4663 211
4664 242
4665 241
4666 218
4667 287
4668 279
4669 240
4670 240
4671 236
4672 232
4673 221
4674 240
4675 238
4676 224
4677 246
4678 243
4679 246
4680 221
4681 227
4682 243
4683 240
4684 245
4685 248
4686 222
4687 243
4688 221
4689 225
4690 250
4691 228
4692 225
4693 229
4694 229
4695 239
4696 222
4697 224
4698 246
4699 228
4700 224
4701 248
4702 226
4703 223
4704 223
4705 248
4706 216
4707 225
4708 226
4709 223
4710 243
4711 221
4712 239
4713 239
4714 240
4715 268
4716 232
4717 242
4718 227
4719 217
4720 219
4721 313
4722 307
4723 223
4724 243
4725 243
4726 226
4727 243
4728 222
4729 229
4730 227
4731 242
4732 224
4733 247
4734 218
4735 223
4736 227
4737 227
4738 246
4739 247
4740 225
4741 241
4742 240
4743 226
4744 225
4745 224
4746 225
4747 249
4748 230
4749 277
4750 247
4751 224
4752 210
4753 232
4754 221
4755 243
4756 243
4757 223
4758 239
4759 225
4760 217
4761 224
4762 224
4763 224
4764 224
4765 249
4766 444
4767 253
4768 222
4769 612
4770 223
4771 245
4772 225
4773 310
4774 434
4775 245
4776 229
4777 245
4778 244
4779 224
4780 222
4781 222
4782 231
4783 242
4784 223
4785 222
4786 260
4787 247
4788 247
4789 266
4790 246
4791 222
4792 217
4793 244
4794 247
4795 228
4796 230
4797 240
4798 245
4799 227
4800 222
4801 216
4802 218
4803 226
4804 248
4805 243
4806 221
4807 224
4808 248
4809 365
4810 224
4811 223
4812 215
4813 247
4814 220
4815 248
4816 249
4817 321
4818 251
4819 243
4820 250
4821 284
4822 230
4823 230
4824 226
4825 220
4826 375
4827 215
4828 256
4829 248
4830 246
4831 224
4832 245
4833 227
4834 219
4835 246
4836 228
4837 220
4838 219
4839 256
4840 220
4841 226
4842 247
4843 351
4844 224
4845 222
4846 225
4847 216
4848 221
4849 245
4850 221
4851 219
4852 244
4853 222
4854 258
4855 228
4856 227
4857 245
4858 245
4859 240
4860 228
4861 223
4862 167
4863 243
4864 244
4865 247
4866 223
4867 224
4868 222
4869 223
4870 247
4871 260
4872 363
4873 227
4874 223
4875 389
4876 242
4877 227
4878 245
4879 246
4880 300
4881 245
4882 241
4883 224
4884 247
4885 239
4886 244
4887 246
4888 223
4889 226
4890 225
4891 247
4892 245
4893 245
4894 237
4895 245
4896 270
4897 242
4898 225
4899 246
4900 221
4901 245
4902 225
4903 225
4904 220
4905 324
4906 375
4907 208
4908 224
4909 237
4910 246
4911 221
4912 247
4913 246
4914 228
4915 248
4916 225
4917 227
4918 215
4919 222
4920 217
4921 217
4922 241
4923 364
4924 279
4925 219
4926 268
4927 335
4928 227
4929 226
4930 222
4931 226
4932 351
4933 237
4934 222
4935 221
4936 218
4937 223
4938 245
4939 247
4940 226
4941 223
4942 243
4943 227
4944 247
4945 221
4946 224
4947 222
4948 222
4949 227
4950 247
4951 245
4952 246
4953 238
4954 222
4955 225
4956 223
4957 247
4958 229
4959 220
4960 238
4961 227
4962 224
4963 246
4964 227
4965 242
4966 225
4967 220
4968 246
4969 218
4970 244
4971 227
4972 237
4973 223
4974 242
4975 242
4976 300
4977 249
4978 218
4979 224
4980 322
4981 255
4982 222
4983 229
4984 221
4985 292
4986 298
4987 223
4988 225
4989 250
4990 222
4991 225
4992 223
4993 251
4994 234
4995 215
4996 243
4997 213
4998 238
4999 222
5000 224
5001 238
5002 209
5003 332
5004 243
5005 289
5006 240
5007 235
5008 317
5009 358
5010 241
5011 221
5012 350
5013 329
5014 472
5015 223
5016 240
5017 211
5018 243
5019 218
5020 222
5021 220
5022 242
5023 225
5024 239
5025 237
5026 240
5027 316
5028 215
5029 222
5030 238
5031 221
5032 327
5033 248
5034 216
5035 219
5036 221
5037 235
5038 286
5039 271
5040 219
5041 240
5042 239
5043 220
5044 222
5045 217
5046 214
5047 218
5048 220
5049 214
5050 216
5051 243
5052 224
5053 242
5054 265
5055 256
5056 218
5057 241
5058 315
5059 218
5060 333
5061 222
5062 269
5063 432
5064 259
5065 245
5066 333
5067 236
5068 223
5069 220
5070 244
5071 244
5072 218
5073 215
5074 219
5075 220
5076 234
5077 223
5078 241
5079 315
5080 234
5081 211
5082 220
5083 219
5084 273
5085 381
5086 216
5087 229
5088 223
5089 219
5090 236
5091 221
5092 354
5093 240
5094 239
5095 237
5096 182
5097 222
5098 215
5099 223
5100 240
5101 220
5102 220
5103 221
5104 240
5105 218
5106 254
5107 234
5108 234
5109 241
5110 240
5111 221
5112 220
5113 236
5114 217
5115 218
5116 238
5117 245
5118 256
5119 221
5120 218
5121 217
5122 217
5123 222
5124 217
5125 222
5126 221
5127 238
5128 221
5129 238
5130 240
5131 216
5132 219
5133 242
5134 294
5135 251
5136 300
5137 238
5138 252
5139 438
5140 219
5141 243
5142 255
5143 220
5144 217
5145 338
5146 260
5147 212
5148 208
5149 219
5150 218
5151 241
5152 213
5153 220
5154 219
5155 212
5156 219
5157 218
5158 249
5159 220
5160 238
5161 221
5162 219
5163 223
5164 219
5165 245
5166 243
5167 211
5168 238
5169 219
5170 258
5171 237
5172 240
5173 237
5174 222
5175 217
5176 221
5177 238
5178 218
5179 238
5180 238
5181 240
5182 241
5183 247
5184 223
5185 207
5186 239
5187 219
5188 367
5189 238
5190 241
5191 219
5192 473
5193 255
5194 213
5195 283
5196 242
5197 239
5198 281
5199 302
5200 240
5201 221
5202 237
5203 215
5204 214
5205 237
5206 223
5207 215
5208 221
5209 221
5210 234
5211 244
5212 219
5213 225
5214 213
5215 240
5216 238
5217 221
5218 223
5219 219
5220 222
5221 220
5222 238
5223 299
5224 239
5225 221
5226 244
5227 217
5228 237
5229 240
5230 221
5231 212
5232 224
5233 245
5234 235
5235 216
5236 221
5237 243
5238 236
5239 239
5240 218
5241 328
5242 289
5243 268
5244 221
5245 240
5246 518
5247 272
5248 278
5249 242
5250 321
5251 352
5252 273
5253 219
5254 240
5255 240
5256 306
5257 220
5258 220
5259 250
5260 238
5261 238
5262 218
5263 218
5264 245
5265 223
5266 253
5267 212
5268 220
5269 212
5270 239
5271 218
5272 224
5273 218
5274 220
5275 215
5276 241
5277 220
5278 274
5279 233
5280 223
5281 211
5282 235
5283 222
5284 213
5285 287
5286 246
5287 238
5288 244
5289 223
5290 214
5291 240
5292 220
5293 381
5294 212
5295 241
5296 302
5297 337
5298 399
5299 214
5300 273
5301 299
5302 221
5303 299
5304 297
5305 217
5306 222
5307 211
5308 224
5309 232
5310 223
5311 245
5312 245
5313 242
5314 225
5315 220
5316 218
5317 246
5318 227
5319 227
5320 245
5321 220
5322 249
5323 220
5324 221
5325 225
5326 225
5327 227
5328 247
5329 223
5330 221
5331 219
5332 225
5333 226
5334 222
5335 245
5336 222
5337 223
5338 249
5339 238
5340 247
5341 222
5342 245
5343 231
5344 248
5345 248
5346 300
5347 216
5348 214
5349 245
5350 344
5351 261
5352 224
5353 245
5354 223
5355 227
5356 314
5357 281
5358 227
5359 247
5360 277
5361 226
5362 245
5363 248
5364 227
5365 247
5366 226
5367 226
5368 225
5369 151
5370 221
5371 221
5372 245
5373 240
5374 226
5375 246
5376 241
5377 241
5378 224
5379 229
5380 221
5381 249
5382 261
5383 269
5384 227
5385 218
5386 225
5387 222
5388 242
5389 245
5390 247
5391 231
5392 222
5393 250
5394 229
5395 222
5396 228
5397 217
5398 222
5399 227
5400 338
5401 275
5402 228
5403 225
5404 218
5405 228
5406 220
5407 221
5408 249
5409 221
5410 225
5411 247
5412 242
5413 221
5414 216
5415 245
5416 222
5417 226
5418 221
5419 242
5420 227
5421 228
5422 223
5423 245
5424 261
5425 244
5426 245
5427 227
5428 249
5429 235
5430 238
5431 272
5432 232
5433 239
5434 258
5435 249
5436 269
5437 264
5438 278
5439 248
5440 261
5441 262
5442 293
5443 283
5444 264
5445 274
5446 298
5447 268
5448 288
5449 273
5450 279
5451 292
5452 306
5453 312
5454 304
5455 313
5456 283
5457 282
5458 307
5459 281
5460 301
5461 281
5462 278
5463 275
5464 295
5465 303
5466 274
5467 279
5468 274
5469 268
5470 301
5471 266
5472 274
5473 300
5474 273
5475 295
5476 298
5477 272
5478 302
5479 299
5480 262
5481 295
5482 293
5483 275
5484 268
5485 277
5486 265
5487 276
5488 296
5489 303
5490 267
5491 273
5492 276
5493 274
5494 298
5495 266
5496 278
5497 295
5498 277
5499 276
5500 300
5501 273
5502 305
5503 272
5504 298
5505 303
5506 303
5507 293
5508 299
5509 303
5510 298
5511 275
5512 271
5513 269
5514 301
5515 254
5516 291
5517 299
5518 272
5519 299
5520 298
5521 263
5522 275
5523 269
5524 296
5525 271
5526 266
5527 290
5528 273
5529 266
5530 263
5531 297
5532 299
5533 268
5534 270
5535 301
5536 299
5537 256
5538 273
5539 276
5540 297
5541 304
5542 291
5543 255
5544 301
5545 302
5546 262
5547 268
5548 276
5549 277
5550 295
5551 271
5552 294
5553 279
5554 271
5555 269
5556 269
5557 273
5558 276
5559 298
5560 277
5561 298
5562 296
5563 275
5564 290
5565 266
5566 268
5567 301
5568 298
5569 276
5570 271
5571 273
5572 270
5573 277
5574 267
5575 273
5576 273
5577 274
5578 297
5579 297
5580 298
5581 275
5582 274
5583 203
5584 265
5585 295
5586 266
5587 276
5588 300
5589 269
5590 275
5591 270
5592 300
5593 304
5594 267
5595 301
5596 278
5597 301
5598 293
5599 297
5600 300
5601 277
5602 274
5603 300
5604 277
5605 278
5606 265
5607 276
5608 273
5609 237
5610 286
5611 293
5612 270
5613 254
5614 286
5615 290
5616 274
5617 285
5618 250
5619 270
5620 279
5621 235
5622 260
5623 254
5624 255
5625 233
5626 247
5627 251
5628 223
5629 225
5630 230
5631 226
5632 241
5633 244
5634 223
5635 226
5636 219
5637 240
5638 226
5639 244
5640 227
5641 256
5642 285
5643 219
5644 247
5645 245
5646 220
5647 258
5648 303
5649 244
5650 250
5651 222
5652 224
5653 244
5654 224
5655 249
5656 225
5657 225
5658 227
5659 226
5660 222
5661 245
5662 225
5663 244
5664 217
5665 218
5666 230
5667 256
5668 219
5669 245
5670 242
5671 220
5672 224
5673 222
5674 225
5675 248
5676 216
5677 222
5678 217
5679 226
5680 245
5681 245
5682 221
5683 228
5684 246
5685 243
5686 227
5687 246
5688 226
5689 221
5690 227
5691 305
5692 217
5693 228
5694 220
5695 247
5696 466
5697 225
5698 218
5699 262
5700 245
5701 226
5702 244
5703 361
5704 227
5705 229
5706 242
5707 244
5708 227
5709 230
5710 227
5711 223
5712 247
5713 221
5714 223
5715 220
5716 242
5717 252
5718 222
5719 244
5720 245
5721 222
5722 224
5723 232
5724 222
5725 223
5726 231
5727 242
5728 228
5729 225
5730 222
5731 244
5732 226
5733 226
5734 200
5735 223
5736 225
5737 240
5738 246
5739 223
5740 225
5741 228
5742 239
5743 228
5744 246
5745 245
5746 222
5747 227
5748 246
5749 225
5750 232
5751 247
5752 220
5753 221
5754 221
5755 218
5756 315
5757 279
5758 216
5759 224
5760 226
5761 244
5762 245
5763 224
5764 226
5765 225
5766 250
5767 221
5768 227
5769 242
5770 219
5771 247
5772 231
5773 226
5774 245
5775 243
5776 238
5777 242
5778 219
5779 258
5780 226
5781 248
5782 225
5783 245
5784 246
5785 224
5786 224
5787 248
5788 221
5789 225
5790 164
5791 226
5792 230
5793 241
5794 243
5795 225
5796 220
5797 245
5798 223
5799 288
5800 250
5801 227
5802 445
5803 226
5804 279
5805 224
5806 221
5807 246
5808 221
5809 221
5810 292
5811 294
5812 232
5813 168
5814 218
5815 244
5816 226
5817 223
5818 240
5819 224
5820 216
5821 249
5822 222
5823 240
5824 238
5825 222
5826 225
5827 221
5828 246
5829 241
5830 342
5831 244
5832 224
5833 249
5834 228
5835 227
5836 227
5837 217
5838 246
5839 224
5840 226
5841 225
5842 223
5843 245
5844 229
5845 226
5846 245
5847 245
5848 243
5849 270
5850 308
5851 223
5852 371
5853 387
5854 422
5855 343
5856 487
5857 481
5858 314
5859 271
5860 253
5861 256
5862 237
5863 224
5864 231
5865 236
5866 231
5867 230
5868 236
5869 234
5870 228
5871 254
5872 233
5873 228
5874 235
5875 237
5876 236
5877 254
5878 236
5879 230
5880 243
5881 257
5882 231
5883 259
5884 234
5885 256
5886 238
5887 252
5888 227
5889 230
5890 260
5891 245
5892 220
5893 228
5894 222
5895 246
5896 244
5897 246
5898 223
5899 222
5900 219
5901 225
5902 243
5903 226
5904 224
5905 245
5906 244
5907 339
5908 318
5909 226
5910 243
5911 216
5912 244
5913 293
5914 289
5915 222
5916 228
5917 248
5918 248
5919 214
5920 215
5921 218
5922 223
5923 311
5924 263
5925 223
5926 248
5927 243
5928 224
5929 247
5930 226
5931 219
5932 227
5933 217
5934 244
5935 222
5936 224
5937 228
5938 220
5939 246
5940 244
5941 167
5942 225
5943 227
5944 224
5945 228
5946 240
5947 223
5948 224
5949 232
5950 237
5951 230
5952 245
5953 241
5954 224
5955 225
5956 239
5957 244
5958 220
5959 224
5960 331
5961 220
5962 229
5963 220
5964 227
5965 226
5966 243
5967 350
5968 222
5969 244
5970 265
5971 448
5972 249
5973 214
5974 222
5975 225
5976 245
5977 243
5978 245
5979 248
5980 244
5981 244
5982 245
5983 244
5984 224
5985 224
5986 241
5987 249
5988 218
5989 215
5990 217
5991 290
5992 287
5993 220
5994 245
5995 246
5996 223
5997 224
5998 252
5999 228
6000 225
6001 244
6002 243
6003 243
6004 245
6005 246
6006 245
6007 246
6008 355
6009 416
6010 537
6011 352
6012 352
6013 225
6014 228
6015 223
6016 214
6017 225
6018 299
6019 320
6020 244
6021 225
6022 227
6023 220
6024 219
6025 220
6026 222
6027 222
6028 218
6029 245
6030 243
6031 221
6032 225
6033 244
6034 224
6035 244
6036 221
6037 207
6038 217
6039 223
6040 243
6041 245
6042 245
6043 223
6044 249
6045 224
6046 250
6047 248
6048 223
6049 242
6050 223
6051 243
6052 218
6053 223
6054 224
6055 225
6056 187
6057 220
6058 239
6059 226
6060 325
6061 249
6062 226
6063 220
6064 302
6065 247
6066 224
6067 222
6068 244
6069 217
6070 275
6071 290
6072 225
6073 240
6074 217
6075 221
6076 223
6077 228
6078 243
6079 221
6080 215
6081 246
6082 228
6083 221
6084 224
6085 219
6086 246
6087 249
6088 224
6089 221
6090 248
6091 215
6092 221
6093 250
6094 243
6095 247
6096 220
6097 226
6098 249
6099 219
6100 220
6101 242
6102 247
6103 245
6104 229
6105 223
6106 224
6107 220
6108 232
6109 219
6110 216
6111 246
6112 244
6113 225
6114 291
6115 232
6116 224
6117 245
6118 227
6119 274
6120 241
6121 244
6122 227
6123 226
6124 244
6125 271
6126 291
6127 221
6128 241
6129 223
6130 215
6131 209
6132 244
6133 248
6134 250
6135 213
6136 230
6137 228
6138 217
6139 224
6140 226
6141 224
6142 245
6143 242
6144 222
6145 223
6146 226
6147 249
6148 247
6149 221
6150 227
6151 301
6152 260
6153 295
6154 337
6155 227
6156 217
6157 225
6158 218
6159 229
6160 220
6161 242
6162 246
6163 228
6164 223
6165 225
6166 224
6167 223
6168 355
6169 232
6170 225
6171 225
6172 436
6173 301
6174 242
6175 248
6176 249
6177 247
6178 310
6179 298
6180 245
6181 215
6182 249
6183 223
6184 227
6185 225
6186 243
6187 365
6188 298
6189 223
6190 218
6191 222
6192 227
6193 244
6194 225
6195 225
6196 248
6197 222
6198 246
6199 225
6200 220
6201 227
6202 222
6203 245
6204 223
6205 226
6206 247
6207 243
6208 225
6209 244
6210 250
6211 243
6212 222
6213 226
6214 225
6215 220
6216 225
6217 241
6218 224
6219 240
6220 301
6221 247
6222 222
6223 220
6224 293
6225 350
6226 224
6227 247
6228 245
6229 224
6230 286
6231 329
6232 225
6233 223
6234 217
6235 245
6236 220
6237 221
6238 244
6239 217
6240 229
6241 217
6242 242
6243 225
6244 216
6245 222
6246 220
6247 216
6248 246
6249 246
6250 222
6251 246
6252 227
6253 218
6254 250
6255 213
6256 225
6257 245
6258 226
6259 241
6260 226
6261 244
6262 248
6263 225
6264 229
6265 227
6266 247
6267 217
6268 226
6269 209
6270 228
6271 242
6272 248
6273 228
6274 224
6275 241
6276 225
6277 227
6278 224
6279 225
6280 218
6281 222
6282 241
6283 238
6284 248
6285 293
6286 276
6287 222
6288 242
6289 225
6290 248
6291 226
6292 222
6293 243
6294 226
6295 245
6296 229
6297 224
6298 225
6299 224
6300 219
6301 247
6302 248
6303 226
6304 222
6305 243
6306 243
6307 243
6308 241
6309 222
6310 279
6311 266
6312 306
6313 222
6314 227
6315 243
6316 244
6317 242
6318 226
6319 248
6320 246
6321 226
6322 221
6323 241
6324 249
6325 222
6326 223
6327 221
6328 335
6329 218
6330 222
6331 225
6332 294
6333 481
6334 227
6335 242
6336 226
6337 239
6338 223
6339 226
6340 285
6341 307
6342 219
6343 226
6344 224
6345 227
6346 219
6347 244
6348 242
6349 225
6350 220
6351 223
6352 223
6353 249
6354 246
6355 245
6356 225
6357 246
6358 246
6359 227
6360 246
6361 225
6362 228
6363 239
6364 219
6365 223
6366 219
6367 218
6368 240
6369 221
6370 242
6371 223
6372 225
6373 226
6374 226
6375 244
6376 222
6377 224
6378 248
6379 219
6380 223
6381 222
6382 276
6383 263
6384 244
6385 220
6386 347
6387 280
6388 247
6389 241
6390 239
6391 246
6392 210
6393 372
6394 222
6395 237
6396 227
6397 248
6398 218
6399 226
6400 224
6401 228
6402 244
6403 296
6404 239
6405 220
6406 249
6407 240
6408 224
6409 223
6410 244
6411 226
6412 243
6413 224
6414 247
6415 248
6416 226
6417 228
6418 226
6419 249
6420 243
6421 243
6422 242
6423 222
6424 230
6425 216
6426 219
6427 225
6428 245
6429 226
6430 226
6431 246
6432 223
6433 245
6434 224
6435 284
6436 228
6437 220
6438 226
6439 224
6440 373
6441 232
6442 249
6443 228
6444 247
6445 246
6446 306
6447 267
6448 245
6449 220
6450 226
6451 224
6452 244
6453 225
6454 229
6455 250
6456 245
6457 226
6458 226
6459 243
6460 218
6461 243
6462 219
6463 219
6464 248
6465 247
6466 247
6467 221
6468 227
6469 241
6470 256
6471 325
6472 300
6473 226
6474 242
6475 219
6476 249
6477 244
6478 247
6479 225
6480 222
6481 244
6482 249
6483 223
6484 220
6485 245
6486 245
6487 226
6488 331
6489 224
6490 244
6491 247
6492 392
6493 281
6494 245
6495 228
6496 240
6497 247
6498 287
6499 314
6500 247
6501 222
6502 224
6503 219
6504 227
6505 219
6506 242
6507 223
6508 226
6509 242
6510 241
6511 225
6512 219
6513 224
6514 223
6515 226
6516 221
6517 220
6518 216
6519 224
6520 227
6521 308
6522 242
6523 219
6524 246
6525 244
6526 238
6527 223
6528 227
6529 230
6530 220
6531 243
6532 222
6533 228
6534 216
6535 183
6536 245
6537 226
6538 226
6539 228
6540 247
6541 247
6542 263
6543 246
6544 219
6545 226
6546 328
6547 224
6548 226
6549 226
6550 303
6551 245
6552 290
6553 312
6554 228
6555 225
6556 246
6557 221
6558 252
6559 229
6560 222
6561 210
6562 240
6563 220
6564 221
6565 242
6566 244
6567 219
6568 279
6569 225
6570 217
6571 238
6572 262
6573 213
6574 218
6575 219
6576 217
6577 216
6578 223
6579 224
6580 222
6581 239
6582 238
6583 217
6584 216
6585 222
6586 433
6587 217
6588 220
6589 218
6590 215
6591 244
6592 241
6593 221
6594 224
6595 281
6596 278
6597 253
6598 222
6599 214
6600 481
6601 238
6602 214
6603 257
6604 282
6605 230
6606 304
6607 318
6608 236
6609 240
6610 221
6611 220
6612 241
6613 216
6614 239
6615 239
6616 219
6617 222
6618 237
6619 216
6620 235
6621 267
6622 221
6623 224
6624 223
6625 241
6626 236
6627 240
6628 216
6629 220
6630 226
6631 217
6632 218
6633 222
6634 238
6635 222
6636 220
6637 217
6638 212
6639 226
6640 240
6641 237
6642 238
6643 211
6644 222
6645 219
6646 232
6647 217
6648 217
6649 341
6650 222
6651 271
6652 221
6653 240
6654 482
6655 204
6656 237
6657 220
6658 253
6659 224
6660 332
6661 352
6662 241
6663 220
6664 221
6665 330
6666 217
6667 217
6668 241
6669 224
6670 234
6671 163
6672 220
6673 223
6674 219
6675 215
6676 218
6677 242
6678 239
6679 239
6680 217
6681 212
6682 237
6683 239
6684 237
6685 218
6686 216
6687 218
6688 215
6689 221
6690 222
6691 239
6692 220
6693 216
6694 222
6695 242
6696 239
6697 215
6698 225
6699 236
6700 236
6701 242
6702 240
6703 302
6704 219
6705 217
6706 218
6707 327
6708 260
6709 242
6710 239
6711 285
6712 222
6713 242
6714 314
6715 249
6716 220
6717 222
6718 237
6719 236
6720 221
6721 241
6722 221
6723 239
6724 278
6725 221
6726 221
6727 217
6728 235
6729 216
6730 239
6731 215
6732 239
6733 214
6734 220
6735 261
6736 222
6737 218
6738 215
6739 221
6740 221
6741 221
6742 232
6743 221
6744 242
6745 240
6746 240
6747 238
6748 219
6749 241
6750 215
6751 218
6752 219
6753 221
6754 216
6755 215
6756 241
6757 216
6758 338
6759 240
6760 221
6761 233
6762 379
6763 240
6764 218
6765 278
6766 221
6767 242
6768 290
6769 281
6770 244
6771 219
6772 212
6773 240
6774 237
6775 222
6776 225
6777 239
6778 214
6779 238
6780 238
6781 213
6782 240
6783 221
6784 244
6785 242
6786 244
6787 239
6788 237
6789 220
6790 218
6791 238
6792 221
6793 222
6794 242
6795 234
6796 242
6797 222
6798 241
6799 238
6800 222
6801 261
6802 239
6803 243
6804 221
6805 221
6806 222
6807 240
6808 235
6809 218
6810 219
6811 334
6812 232
6813 250
6814 237
6815 264
6816 507
6817 218
6818 237
6819 251
6820 223
6821 220
6822 373
6823 362
6824 212
6825 237
6826 218
6827 219
6828 214
6829 241
6830 216
6831 212
6832 239
6833 221
6834 238
6835 241
6836 269
6837 216
6838 221
6839 219
6840 217
6841 223
6842 211
6843 239
6844 235
6845 242
6846 239
6847 243
6848 223
6849 223
6850 212
6851 219
6852 217
6853 220
6854 216
6855 220
6856 219
6857 241
6858 219
6859 221
6860 224
6861 223
6862 238
6863 217
6864 243
6865 375
6866 277
6867 221
6868 236
6869 402
6870 242
6871 223
6872 237
6873 229
6874 241
6875 308
6876 316
6877 218
6878 216
6879 219
6880 222
6881 236
6882 209
6883 211
6884 217
6885 244
6886 238
6887 222
6888 221
6889 220
6890 214
6891 287
6892 218
6893 214
6894 240
6895 224
6896 239
6897 215
6898 221
6899 242
6900 244
6901 242
6902 206
6903 212
6904 219
6905 218
6906 214
6907 217
6908 210
6909 219
6910 214
6911 241
6912 215
6913 227
6914 232
6915 218
6916 220
6917 217
6918 244
6919 283
6920 241
6921 246
6922 222
6923 240
6924 386
6925 220
6926 241
6927 217
6928 223
6929 234
6930 326
6931 278
6932 222
6933 221
6934 213
6935 215
6936 238
6937 239
6938 240
6939 237
6940 237
6941 238
6942 241
6943 232
6944 221
6945 240
6946 221
6947 241
6948 215
6949 221
6950 216
6951 220
6952 215
6953 238
6954 236
6955 278
6956 460
6957 443
6958 364
6959 319
6960 223
6961 237
6962 231
6963 217
6964 221
6965 223
6966 212
6967 218
6968 215
6969 221
6970 239
6971 326
6972 269
6973 215
6974 212
6975 282
6976 320
6977 257
6978 236
6979 219
6980 245
6981 218
6982 318
6983 323
6984 216
6985 222
6986 221
6987 234
6988 220
6989 237
6990 221
6991 213
6992 241
6993 244
6994 226
6995 212
6996 234
6997 240
6998 241
6999 210
7000 240
7001 239
7002 222
7003 368
7004 223
7005 213
7006 220
7007 240
7008 221
7009 218
7010 216
7011 215
7012 237
7013 215
7014 222
7015 213
7016 235
7017 223
7018 220
7019 214
7020 218
7021 225
7022 213
7023 220
7024 221
7025 297
7026 220
7027 219
7028 239
7029 163
7030 321
7031 220
7032 241
7033 241
7034 218
7035 235
7036 297
7037 281
7038 222
7039 210
7040 220
7041 215
7042 240
7043 220
7044 217
7045 221
7046 218
7047 219
7048 245
7049 217
7050 219
7051 239
7052 244
7053 222
7054 222
7055 220
7056 221
7057 215
7058 214
7059 221
7060 217
7061 222
7062 216
7063 214
7064 218
7065 217
7066 237
7067 239
7068 219
7069 221
7070 267
7071 245
7072 221
7073 220
7074 216
7075 220
7076 240
7077 222
7078 225
7079 236
7080 222
7081 358
7082 222
7083 250
7084 241
7085 221
7086 442
7087 223
7088 222
7089 212
7090 240
7091 218
7092 297
7093 297
7094 222
7095 215
7096 246
7097 188
7098 241
7099 240
7100 221
7101 226
7102 214
7103 217
7104 221
7105 222
7106 216
7107 222
7108 370
7109 253
7110 223
7111 241
7112 222
7113 241
7114 240
7115 222
7116 296
7117 220
7118 211
7119 218
7120 239
7121 239
7122 223
7123 222
7124 240
7125 240
7126 214
7127 251
7128 241
7129 243
7130 240
7131 219
7132 277
7133 224
7134 293
7135 284
7136 222
7137 216
7138 322
7139 435
7140 241
7141 221
7142 219
7143 254
7144 224
7145 332
7146 338
7147 210
7148 211
7149 220
7150 238
7151 216
7152 226
7153 241
7154 220
7155 241
7156 220
7157 220
7158 218
7159 242
7160 222
7161 223
7162 212
7163 240
7164 223
7165 219
7166 242
7167 214
7168 222
7169 244
7170 203
7171 238
7172 220
7173 221
7174 223
7175 217
7176 218
7177 221
7178 221
7179 214
7180 235
7181 240
7182 240
7183 217
7184 236
7185 238
7186 217
7187 218
7188 333
7189 287
7190 235
7191 239
7192 336
7193 237
7194 218
7195 214
7196 221
7197 241
7198 214
7199 364
7200 253
7201 340
7202 271
7203 223
7204 223
7205 237
7206 213
7207 236
7208 300
7209 293
7210 240
7211 224
7212 218
7213 225
7214 242
7215 219
7216 239
7217 212
7218 216
7219 241
7220 216
7221 240
7222 236
7223 236
7224 220
7225 236
7226 213
7227 215
7228 222
7229 216
7230 239
7231 245
7232 238
7233 240
7234 239
7235 217
7236 239
7237 241
7238 235
7239 240
7240 242
7241 315
7242 223
7243 219
7244 217
7245 293
7246 600
7247 221
7248 212
7249 223
7250 219
7251 222
7252 215
7253 219
7254 279
7255 222
7256 218
7257 213
7258 222
7259 240
7260 220
7261 219
7262 267
7263 237
7264 216
7265 241
7266 240
7267 221
7268 220
7269 215
7270 222
7271 243
7272 219
7273 242
7274 238
7275 218
7276 220
7277 212
7278 240
7279 222
7280 220
7281 217
7282 233
7283 211
7284 215
7285 239
7286 237
7287 216
7288 238
7289 220
7290 236
7291 264
7292 221
7293 222
7294 219
7295 246
7296 346
7297 268
7298 222
7299 270
7300 472
7301 241
7302 217
7303 269
7304 242
7305 224
7306 302
7307 313
7308 222
7309 244
7310 311
7311 307
7312 240
7313 223
7314 218
7315 224
7316 221
7317 219
7318 235
7319 220
7320 223
7321 245
7322 240
7323 223
7324 213
7325 219
7326 223
7327 222
7328 240
7329 222
7330 220
7331 235
7332 217
7333 213
7334 242
7335 223
7336 239
7337 221
7338 239
7339 213
7340 236
7341 216
7342 215
7343 219
7344 224
7345 217
7346 216
7347 216
7348 212
7349 328
7350 215
7351 216
7352 223
7353 340
7354 288
7355 217
7356 242
7357 215
7358 238
7359 243
7360 377
7361 214
7362 221
7363 234
7364 218
7365 237
7366 239
7367 220
7368 214
7369 242
7370 218
7371 218
7372 240
7373 222
7374 212
7375 272
7376 224
7377 238
7378 212
7379 214
7380 240
7381 245
7382 288
7383 215
7384 220
7385 221
7386 223
7387 242
7388 224
7389 216
7390 242
7391 239
7392 225
7393 249
7394 240
7395 219
7396 220
7397 237
7398 222
7399 217
7400 233
7401 241
7402 213
7403 313
7404 216
7405 217
7406 213
7407 221
7408 420
7409 222
7410 244
7411 222
7412 213
7413 246
7414 427
7415 350
7416 218
7417 212
7418 244
7419 215
7420 204
7421 215
7422 215
7423 214
7424 237
7425 240
7426 240
7427 221
7428 220
7429 222
7430 218
7431 222
7432 238
7433 209
7434 240
7435 214
7436 237
7437 236
7438 213
7439 244
7440 240
7441 221
7442 242
7443 219
7444 239
7445 217
7446 218
7447 162
7448 241
7449 221
7450 217
7451 214
7452 238
7453 215
7454 232
7455 218
7456 239
7457 239
7458 378
7459 268
7460 213
7461 242
7462 511
7463 221
7464 237
7465 210
7466 254
7467 219
7468 256
7469 348
7470 239
7471 221
7472 217
7473 242
7474 215
7475 222
7476 242
7477 246
7478 236
7479 213
7480 236
7481 240
7482 213
7483 254
7484 238
7485 241
7486 221
7487 240
7488 219
7489 220
7490 219
7491 217
7492 214
7493 220
7494 240
7495 215
7496 224
7497 211
7498 241
7499 222
7500 219
7501 237
7502 241
7503 210
7504 216
7505 239
7506 241
7507 215
7508 239
7509 222
7510 238
7511 319
7512 288
7513 238
7514 245
7515 244
7516 388
7517 225
7518 240
7519 221
7520 214
7521 237
7522 312
7523 287
7524 215
7525 234
7526 237
7527 217
7528 234
7529 223
7530 243
7531 238
7532 295
7533 323
7534 209
7535 222
7536 203
7537 274
7538 238
7539 220
7540 222
7541 219
7542 240
7543 222
7544 219
7545 226
7546 212
7547 220
7548 244
7549 241
7550 256
7551 223
7552 239
7553 234
7554 242
7555 241
7556 211
7557 242
7558 238
7559 241
7560 223
7561 214
7562 236
7563 219
7564 217
7565 314
7566 219
7567 240
7568 241
7569 380
7570 221
7571 212
7572 237
7573 220
7574 237
7575 296
7576 288
7577 218
7578 219
7579 218
7580 216
7581 220
7582 222
7583 240
7584 222
7585 241
7586 222
7587 242
7588 241
7589 241
7590 219
7591 240
7592 239
7593 223
7594 239
7595 237
7596 222
7597 224
7598 236
7599 238
7600 216
7601 240
7602 220
7603 221
7604 219
7605 237
7606 220
7607 243
7608 219
7609 244
7610 237
7611 224
7612 216
7613 223
7614 219
7615 244
7616 214
7617 217
7618 217
7619 323
7620 242
7621 224
7622 241
7623 269
7624 516
7625 214
7626 237
7627 217
7628 252
7629 163
7630 234
7631 407
7632 223
7633 220
7634 242
7635 218
7636 236
7637 240
7638 215
7639 213
7640 238
7641 237
7642 223
7643 221
7644 224
7645 257
7646 221
7647 219
7648 213
7649 213
7650 241
7651 223
7652 213
7653 215
7654 237
7655 241
7656 233
7657 239
7658 218
7659 220
7660 216
7661 214
7662 215
7663 220
7664 218
7665 221
7666 218
7667 238
7668 239
7669 219
7670 284
7671 220
7672 242
7673 335
7674 216
7675 244
7676 236
7677 299
7678 310
7679 236
7680 220
7681 210
7682 218
7683 237
7684 299
7685 300
7686 219
7687 182
7688 238
7689 239
7690 218
7691 225
7692 223
7693 239
7694 219
7695 238
7696 243
7697 236
7698 223
7699 221
7700 237
7701 220
7702 218
7703 215
7704 238
7705 242
7706 221
7707 222
7708 221
7709 220
7710 238
7711 243
7712 216
7713 222
7714 239
7715 222
7716 238
7717 239
7718 243
7719 237
7720 240
7721 220
7722 222
7723 240
7724 240
7725 236
7726 238
7727 212
7728 347
7729 223
7730 213
7731 218
7732 350
7733 223
7734 237
7735 239
7736 210
7737 216
7738 311
7739 331
7740 221
7741 220
7742 242
7743 240
7744 224
7745 214
7746 240
7747 213
7748 222
7749 225
7750 211
7751 217
7752 238
7753 214
7754 240
7755 222
7756 219
7757 221
7758 236
7759 217
7760 245
7761 236
7762 237
7763 235
7764 223
7765 225
7766 223
7767 222
7768 240
7769 223
7770 238
7771 218
7772 244
7773 220
7774 215
7775 238
7776 220
7777 240
7778 216
7779 239
7780 223
7781 243
7782 326
7783 274
7784 253
7785 215
7786 245
7787 487
7788 217
7789 238
7790 220
7791 275
7792 240
7793 240
7794 317
7795 263
7796 222
7797 221
7798 223
7799 212
7800 239
7801 216
7802 239
7803 218
7804 204
7805 214
7806 218
7807 239
7808 253
7809 241
7810 242
7811 238
7812 221
7813 238
7814 234
7815 223
7816 218
7817 237
7818 240
7819 238
7820 221
7821 219
7822 244
7823 219
7824 238
7825 226
7826 222
7827 241
7828 236
7829 240
7830 224
7831 221
7832 223
7833 216
7834 237
7835 252
7836 368
7837 219
7838 219
7839 235
7840 358
7841 256
7842 233
7843 240
7844 240
7845 218
7846 291
7847 345
7848 213
7849 237
7850 218
7851 214
7852 223
7853 242
7854 219
7855 219
7856 226
7857 222
7858 240
7859 213
7860 217
7861 241
7862 222
7863 239
7864 218
7865 222
7866 219
7867 243
7868 240
7869 216
7870 214
7871 213
7872 245
7873 220
7874 237
7875 214
7876 223
7877 221
7878 238
7879 240
7880 220
7881 218
7882 236
7883 216
7884 217
7885 209
7886 222
7887 241
7888 242
7889 214
7890 266
7891 275
7892 268
7893 220
7894 210
7895 358
7896 241
7897 239
7898 221
7899 217
7900 226
7901 300
7902 317
7903 222
7904 221
7905 240
7906 222
7907 242
7908 220
7909 212
7910 237
7911 220
7912 236
7913 216
7914 235
7915 238
7916 240
7917 220
7918 218
7919 242
7920 212
7921 214
7922 217
7923 236
7924 237
7925 222
7926 260
7927 215
7928 237
7929 216
7930 248
7931 218
7932 221
7933 239
7934 236
7935 213
7936 220
7937 220
7938 213
7939 239
7940 242
7941 243
7942 215
7943 220
7944 236
7945 355
7946 306
7947 221
7948 215
7949 476
7950 266
7951 235
7952 224
7953 265
7954 221
7955 285
7956 370
7957 235
7958 218
7959 217
7960 239
7961 222
7962 218
7963 239
7964 243
7965 214
7966 235
7967 211
7968 218
7969 223
7970 213
7971 238
7972 219
7973 224
7974 214
7975 221
7976 213
7977 241
7978 237
7979 219
7980 224
7981 220
7982 216
7983 221
7984 215
7985 245
7986 238
7987 223
7988 215
7989 235
7990 220
7991 236
7992 241
7993 239
7994 234
7995 227
7996 217
7997 240
7998 217
7999 366
8000 245
8001 221
8002 216
8003 322
8004 255
8005 216
8006 213
8007 222
8008 241
8009 239
8010 391
8011 223
8012 237
8013 221
8014 236
8015 224
8016 225
8017 233
8018 220
8019 236
8020 326
8021 295
8022 212
8023 240
8024 239
8025 212
8026 218
8027 221
8028 222
8029 220
8030 213
8031 241
8032 222
8033 211
8034 221
8035 242
8036 237
8037 219
8038 223
8039 236
8040 217
8041 220
8042 245
8043 219
8044 219
8045 220
8046 240
8047 237
8048 223
8049 218
8050 238
8051 217
8052 226
8053 335
8054 315
8055 240
8056 238
8057 343
8058 241
8059 222
8060 211
8061 241
8062 217
8063 241
8064 370
8065 235
8066 235
8067 239
8068 239
8069 227
8070 221
8071 240
8072 240
8073 238
8074 217
8075 233
8076 219
8077 221
8078 221
8079 220
8080 217
8081 235
8082 238
8083 241
8084 223
8085 243
8086 235
8087 213
8088 227
8089 219
8090 219
8091 218
8092 221
8093 222
8094 223
8095 239
8096 241
8097 223
8098 216
8099 217
8100 217
8101 214
8102 220
8103 220
8104 226
8105 244
8106 220
8107 299
8108 271
8109 239
8110 221
8111 220
8112 397
8113 237
8114 236
8115 239
8116 239
8117 216
8118 312
8119 286
8120 210
8121 236
8122 213
8123 221
8124 237
8125 213
8126 217
8127 225
8128 223
8129 224
8130 211
8131 242
8132 212
8133 218
8134 266
8135 218
8136 213
8137 238
8138 240
8139 215
8140 222
8141 218
8142 239
8143 214
8144 215
8145 213
8146 223
8147 238
8148 215
8149 236
8150 239
8151 218
8152 233
8153 242
8154 220
8155 221
8156 223
8157 216
8158 241
8159 219
8160 219
8161 220
8162 332
8163 220
8164 221
8165 234
8166 247
8167 380
8168 214
8169 213
8170 219
8171 242
8172 241
8173 299
8174 312
8175 235
8176 243
8177 237
8178 217
8179 242
8180 240
8181 220
8182 222
8183 242
8184 220
8185 217
8186 223
8187 218
8188 242
8189 420
8190 238
8191 269
8192 212
8193 218
8194 328
8195 332
8196 221
8197 218
8198 356
8199 247
8200 216
8201 495
8202 220
8203 220
8204 220
8205 238
8206 216
8207 238
8208 257
8209 219
8210 221
8211 221
8212 211
8213 221
8214 218
8215 222
8216 228
8217 222
8218 237
8219 310
8220 439
8221 219
8222 277
8223 237
8224 247
8225 212
8226 216
8227 330
8228 247
8229 217
8230 219
8231 218
8232 218
8233 240
8234 226
8235 220
8236 222
8237 220
8238 242
8239 221
8240 273
8241 282
8242 223
8243 296
8244 244
8245 324
8246 220
8247 409
8248 256
8249 361
8250 297
8251 222
8252 216
8253 218
8254 237
8255 217
8256 244
8257 439
8258 237
8259 412
8260 240
8261 216
8262 217
8263 275
8264 295
8265 268
8266 220
8267 218
8268 263
8269 480
8270 224
8271 236
8272 161
8273 242
8274 220
8275 239
8276 181
8277 293
8278 328
8279 218
8280 242
8281 239
8282 243
8283 239
8284 220
8285 216
8286 212
8287 217
8288 221
8289 241
8290 212
8291 217
8292 210
8293 223
8294 240
8295 219
8296 218
8297 220
8298 217
8299 214
8300 217
8301 224
8302 237
8303 216
8304 213
8305 238
8306 217
8307 223
8308 222
8309 238
8310 222
8311 232
8312 213
8313 220
8314 241
8315 217
8316 241
8317 238
8318 343
8319 239
8320 243
8321 215
8322 338
8323 310
8324 238
8325 215
8326 212
8327 243
8328 222
8329 289
8330 308
8331 222
8332 215
8333 241
8334 219
8335 241
8336 212
8337 219
8338 241
8339 240
8340 220
8341 234
8342 216
8343 214
8344 219
8345 222
8346 244
8347 242
8348 240
8349 224
8350 215
8351 239
8352 238
8353 238
8354 222
8355 211
8356 212
8357 221
8358 217
8359 223
8360 223
8361 215
8362 218
8363 220
8364 217
8365 219
8366 220
8367 243
8368 242
8369 236
8370 217
8371 218
8372 236
8373 324
8374 214
8375 240
8376 216
8377 369
8378 359
8379 213
8380 219
8381 216
8382 242
8383 218
8384 366
8385 214
8386 232
8387 241
8388 243
8389 236
8390 215
8391 222
8392 214
8393 215
8394 216
8395 233
8396 221
8397 214
8398 219
8399 256
8400 222
8401 219
8402 239
8403 220
8404 221
8405 373
8406 306
8407 309
8408 240
8409 212
8410 221
8411 241
8412 217
8413 219
8414 238
8415 238
8416 216
8417 224
8418 239
8419 224
8420 223
8421 240
8422 219
8423 279
8424 378
8425 374
8426 250
8427 242
8428 216
8429 373
8430 465
8431 391
8432 234
8433 243
8434 236
8435 240
8436 239
8437 388
8438 234
8439 236
8440 242
8441 211
8442 219
8443 240
8444 221
8445 215
8446 211
8447 218
8448 216
8449 240
8450 216
8451 216
8452 220
8453 215
8454 216
8455 212
8456 214
8457 238
8458 239
8459 238
8460 238
8461 223
8462 241
8463 255
8464 239
8465 242
8466 209
8467 218
8468 219
8469 236
8470 221
8471 240
8472 237
8473 212
8474 222
8475 237
8476 219
8477 212
8478 319
8479 257
8480 211
8481 222
8482 375
8483 281
8484 219
8485 241
8486 238
8487 218
8488 306
8489 303
8490 240
8491 212
8492 220
8493 243
8494 241
8495 258
8496 226
8497 218
8498 252
8499 226
8500 198
8501 228
8502 227
8503 224
8504 249
8505 227
8506 225
8507 224
8508 243
8509 226
8510 229
8511 222
8512 224
8513 248
8514 256
8515 226
8516 245
8517 229
8518 218
8519 221
8520 220
8521 230
8522 248
8523 184
8524 243
8525 227
8526 222
8527 223
8528 240
8529 220
8530 225
8531 248
8532 262
8533 222
8534 221
8535 215
8536 324
8537 325
8538 225
8539 214
8540 246
8541 246
8542 219
8543 344
8544 243
8545 244
8546 242
8547 245
8548 243
8549 221
8550 167
8551 227
8552 225
8553 225
8554 227
8555 242
8556 225
8557 225
8558 224
8559 247
8560 245
8561 227
8562 245
8563 227
8564 225
8565 220
8566 222
8567 224
8568 220
8569 244
8570 218
8571 229
8572 229
8573 299
8574 341
8575 319
8576 222
8577 228
8578 251
8579 246
8580 214
8581 255
8582 247
8583 247
8584 222
8585 338
8586 231
8587 211
8588 244
8589 392
8590 277
8591 226
8592 226
8593 226
8594 243
8595 283
8596 309
8597 249
8598 218
8599 245
8600 226
8601 218
8602 225
8603 225
8604 245
8605 243
8606 242
8607 220
8608 246
8609 220
8610 222
8611 224
8612 229
8613 245
8614 218
8615 246
8616 244
8617 242
8618 243
8619 229
8620 221
8621 242
8622 224
8623 225
8624 238
8625 243
8626 226
8627 225
8628 247
8629 229
8630 231
8631 227
8632 246
8633 221
8634 244
8635 227
8636 241
8637 219
8638 227
8639 314
8640 243
8641 245
8642 321
8643 245
8644 244
8645 225
8646 224
8647 225
8648 247
8649 344
8650 251
8651 220
8652 240
8653 243
8654 224
8655 244
8656 223
8657 216
8658 225
8659 243
8660 250
8661 249
8662 225
8663 228
8664 244
8665 223
8666 227
8667 243
8668 224
8669 227
8670 223
8671 223
8672 223
8673 248
8674 246
8675 243
8676 227
8677 222
8678 223
8679 246
8680 226
8681 217
8682 225
8683 226
8684 219
8685 224
8686 223
8687 227
8688 245
8689 222
8690 217
8691 244
8692 219
8693 245
8694 226
8695 222
8696 237
8697 318
8698 221
8699 249
8700 230
8701 244
8702 225
8703 224
8704 334
8705 224
8706 224
8707 228
8708 229
8709 245
8710 243
8711 226
8712 219
8713 245
8714 225
8715 226
8716 222
8717 225
8718 244
8719 225
8720 226
8721 243
8722 226
8723 226
8724 224
8725 247
8726 225
8727 244
8728 224
8729 222
8730 247
8731 245
8732 246
8733 242
8734 243
8735 220
8736 228
8737 220
8738 242
8739 245
8740 241
8741 242
8742 225
8743 245
8744 228
8745 244
8746 238
8747 325
8748 287
8749 224
8750 227
8751 445
8752 268
8753 242
8754 224
8755 245
8756 228
8757 261
8758 335
8759 220
8760 246
8761 220
8762 221
8763 248
8764 223
8765 227
8766 243
8767 246
8768 217
8769 246
8770 249
8771 223
8772 391
8773 224
8774 221
8775 211
8776 213
8777 245
8778 243
8779 226
8780 223
8781 226
8782 228
8783 241
8784 228
8785 243
8786 244
8787 251
8788 219
8789 227
8790 222
8791 222
8792 277
8793 245
8794 242
8795 243
8796 220
8797 247
8798 220
8799 282
8800 249
8801 288
8802 225
8803 232
8804 294
8805 221
8806 247
8807 230
8808 227
8809 248
8810 288
8811 296
8812 226
8813 220
8814 249
8815 223
8816 254
8817 216
8818 238
8819 240
8820 243
8821 237
8822 239
8823 240
8824 216
8825 256
8826 241
8827 236
8828 242
8829 239
8830 221
8831 212
8832 240
8833 248
8834 219
8835 220
8836 241
8837 212
8838 241
8839 140
8840 215
8841 239
8842 239
8843 240
8844 242
8845 238
8846 243
8847 211
8848 243
8849 222
8850 241
8851 245
8852 219
8853 326
8854 220
8855 217
8856 241
8857 244
8858 295
8859 221
8860 215
8861 242
8862 240
8863 216
8864 283
8865 314
8866 244
8867 241
8868 230
8869 236
8870 217
8871 215
8872 238
8873 220
8874 213
8875 223
8876 238
8877 219
8878 204
8879 222
8880 219
8881 240
8882 242
8883 219
8884 221
8885 221
8886 236
8887 244
8888 220
8889 249
8890 221
8891 222
8892 221
8893 214
8894 238
8895 211
8896 238
8897 214
8898 237
8899 242
8900 241
8901 216
8902 242
8903 216
8904 213
8905 219
8906 218
8907 211
8908 242
8909 322
8910 402
8911 284
8912 288
8913 481
8914 212
8915 217
8916 214
8917 251
8918 222
8919 279
8920 305
8921 239
8922 239
8923 214
8924 218
8925 234
8926 215
8927 221
8928 219
8929 238
8930 222
8931 237
8932 218
8933 219
8934 235
8935 223
8936 227
8937 239
8938 219
8939 244
8940 238
8941 211
8942 215
8943 235
8944 218
8945 222
8946 221
8947 244
8948 219
8949 213
8950 239
8951 240
8952 237
8953 240
8954 222
8955 223
8956 243
8957 240
8958 233
8959 239
8960 219
8961 240
8962 289
8963 267
8964 236
8965 245
8966 301
8967 216
8968 220
8969 219
8970 216
8971 235
8972 221
8973 337
8974 222
8975 242
8976 239
8977 213
8978 242
8979 214
8980 236
8981 214
8982 240
8983 218
8984 213
8985 221
8986 224
8987 221
8988 224
8989 260
8990 217
8991 231
8992 240
8993 222
8994 240
8995 217
8996 219
8997 140
8998 239
8999 240
9000 266
9001 225
9002 244
9003 216
9004 240
9005 214
9006 221
9007 211
9008 214
9009 240
9010 218
9011 234
9012 217
9013 219
9014 237
9015 221
9016 221
9017 360
9018 216
9019 236
9020 243
9021 376
9022 345
9023 237
9024 216
9025 244
9026 216
9027 213
9028 353
9029 248
9030 239
9031 212
9032 217
9033 213
9034 216
9035 242
9036 221
9037 215
9038 238
9039 222
9040 244
9041 244
9042 239
9043 293
9044 241
9045 219
9046 236
9047 214
9048 219
9049 222
9050 221
9051 221
9052 226
9053 216
9054 240
9055 218
9056 221
9057 238
9058 237
9059 437
9060 405
9061 214
9062 222
9063 214
9064 215
9065 237
9066 218
9067 203
9068 216
9069 238
9070 325
9071 246
9072 221
9073 216
9074 570
9075 220
9076 218
9077 210
9078 296
9079 216
9080 283
9081 400
9082 223
9083 241
9084 242
9085 217
9086 221
9087 221
9088 221
9089 241
9090 239
9091 219
9092 217
9093 223
9094 223
9095 274
9096 237
9097 222
9098 211
9099 223
9100 232
9101 224
9102 219
9103 219
9104 240
9105 241
9106 245
9107 219
9108 211
9109 238
9110 217
9111 240
9112 221
9113 257
9114 221
9115 220
9116 218
9117 241
9118 220
9119 216
9120 212
9121 237
9122 218
9123 370
9124 278
9125 238
9126 237
9127 410
9128 219
9129 239
9130 223
9131 245
9132 223
9133 326
9134 361
9135 236
9136 241
9137 242
9138 266
9139 236
9140 218
9141 213
9142 219
9143 233
9144 226
9145 216
9146 219
9147 216
9148 241
9149 218
9150 220
9151 242
9152 213
9153 239
9154 218
9155 208
9156 242
9157 234
9158 224
9159 220
9160 237
9161 210
9162 232
9163 237
9164 222
9165 240
9166 240
9167 218
9168 225
9169 233
9170 216
9171 243
9172 216
9173 220
9174 213
9175 221
9176 217
9177 311
9178 213
9179 221
9180 241
9181 386
9182 262
9183 221
9184 216
9185 239
9186 242
9187 264
9188 339
9189 221
9190 223
9191 219
9192 234
9193 218
9194 223
9195 213
9196 218
9197 214
9198 243
9199 237
9200 221
9201 221
9202 216
9203 273
9204 239
9205 220
9206 244
9207 222
9208 350
9209 265
9210 217
9211 214
9212 327
9213 223
9214 221
9215 244
9216 219
9217 216
9218 239
9219 221
9220 219
9221 240
9222 240
9223 213
9224 215
9225 214
9226 240
9227 238
9228 223
9229 219
9230 294
9231 319
9232 242
9233 242
9234 374
9235 403
9236 237
9237 221
9238 324
9239 359
9240 216
9241 460
9242 242
9243 237
9244 241
9245 223
9246 224
9247 216
9248 218
9249 219
9250 211
9251 242
9252 528
9253 485
9254 223
9255 241
9256 216
9257 219
9258 221
9259 222
9260 224
9261 219
9262 219
9263 213
9264 216
9265 240
9266 215
9267 243
9268 238
9269 224
9270 238
9271 221
9272 221
9273 222
9274 220
9275 211
9276 235
9277 238
9278 239
9279 220
9280 291
9281 238
9282 251
9283 220
9284 241
9285 385
9286 213
9287 242
9288 235
9289 218
9290 211
9291 270
9292 325
9293 220
9294 224
9295 217
9296 221
9297 222
9298 212
9299 234
9300 242
9301 216
9302 217
9303 212
9304 218
9305 241
9306 236
9307 222
9308 240
9309 241
9310 239
9311 221
9312 220
9313 220
9314 240
9315 216
9316 222
9317 222
9318 241
9319 240
9320 241
9321 222
9322 219
9323 216
9324 234
9325 214
9326 212
9327 215
9328 244
9329 220
9330 242
9331 217
9332 212
9333 212
9334 220
9335 213
9336 258
9337 224
9338 213
9339 222
9340 243
9341 406
9342 241
9343 221
9344 238
9345 218
9346 216
9347 345
9348 262
9349 240
9350 219
9351 215
9352 219
9353 235
9354 240
9355 222
9356 236
9357 243
9358 214
9359 219
9360 212
9361 228
9362 217
9363 223
9364 216
9365 216
9366 219
9367 215
9368 239
9369 239
9370 234
9371 226
9372 271
9373 221
9374 221
9375 221
9376 222
9377 242
9378 220
9379 236
9380 241
9381 211
9382 218
9383 239
9384 217
9385 219
9386 218
9387 219
9388 241
9389 220
9390 237
9391 318
9392 222
9393 231
9394 236
9395 426
9396 220
9397 238
9398 221
9399 244
9400 220
9401 306
9402 283
9403 231
9404 216
9405 240
9406 213
9407 223
9408 243
9409 221
9410 239
9411 237
9412 240
9413 220
9414 240
9415 213
9416 231
9417 221
9418 219
9419 220
9420 238
9421 208
9422 238
9423 218
9424 242
9425 243
9426 240
9427 220
9428 235
9429 229
9430 209
9431 240
9432 221
9433 241
9434 222
9435 213
9436 223
9437 215
9438 241
9439 211
9440 204
9441 236
9442 222
9443 240
9444 218
9445 288
9446 247
9447 241
9448 217
9449 249
9450 331
9451 221
9452 221
9453 240
9454 213
9455 215
9456 299
9457 288
9458 215
9459 232
9460 222
9461 217
9462 242
9463 254
9464 244
9465 223
9466 228
9467 245
9468 225
9469 228
9470 243
9471 245
9472 217
9473 216
9474 222
9475 241
9476 222
9477 244
9478 246
9479 221
9480 226
9481 217
9482 247
9483 228
9484 248
9485 222
9486 246
9487 231
9488 226
9489 216
9490 225
9491 248
9492 223
9493 220
9494 240
9495 230
9496 225
9497 228
9498 225
9499 246
9500 283
9501 220
9502 246
9503 224
9504 282
9505 231
9506 239
9507 226
9508 210
9509 247
9510 309
9511 278
9512 216
9513 248
9514 222
9515 221
9516 225
9517 243
9518 228
9519 233
9520 249
9521 226
9522 228
9523 249
9524 243
9525 245
9526 219
9527 245
9528 215
9529 228
9530 247
9531 240
9532 223
9533 245
9534 224
9535 245
9536 217
9537 242
9538 224
9539 224
9540 247
9541 226
9542 222
9543 223
9544 241
9545 226
9546 226
9547 228
9548 249
9549 223
9550 245
9551 223
9552 242
9553 245
9554 262
9555 243
9556 238
9557 227
9558 326
9559 249
9560 218
9561 244
9562 224
9563 244
9564 226
9565 373
9566 226
9567 243
9568 243
9569 217
9570 245
9571 221
9572 244
9573 225
9574 227
9575 226
9576 244
9577 221
9578 247
9579 221
9580 243
9581 224
9582 224
9583 227
9584 225
9585 245
9586 247
9587 225
9588 244
9589 226
9590 245
9591 228
9592 221
9593 226
9594 226
9595 226
9596 223
9597 249
9598 242
9599 244
9600 216
9601 225
9602 247
9603 225
9604 224
9605 243
9606 237
9607 229
9608 283
9609 221
9610 239
9611 243
9612 284
9613 240
9614 220
9615 247
9616 225
9617 224
9618 221
9619 294
9620 308
9621 227
9622 227
9623 220
9624 226
9625 222
9626 220
9627 222
9628 247
9629 226
9630 293
9631 302
9632 225
9633 244
9634 238
9635 224
9636 227
9637 220
9638 218
9639 226
9640 225
9641 240
9642 226
9643 245
9644 229
9645 245
9646 220
9647 221
9648 222
9649 240
9650 250
9651 248
9652 241
9653 244
9654 223
9655 244
9656 226
9657 247
9658 246
9659 222
9660 243
9661 219
9662 264
9663 242
9664 225
9665 220
9666 321
9667 284
9668 221
9669 227
9670 244
9671 221
9672 245
9673 387
9674 223
9675 225
9676 227
9677 223
9678 215
9679 225
9680 248
9681 246
9682 244
9683 227
9684 229
9685 241
9686 221
9687 226
9688 245
9689 247
9690 243
9691 228
9692 224
9693 243
9694 245
9695 225
9696 208
9697 225
9698 286
9699 244
9700 215
9701 223
9702 224
9703 216
9704 242
9705 250
9706 227
9707 246
9708 223
9709 225
9710 243
9711 222
9712 224
9713 245
9714 226
9715 249
9716 261
9717 229
9718 219
9719 225
9720 243
9721 232
9722 248
9723 224
9724 224
9725 215
9726 226
9727 314
9728 276
9729 217
9730 240
9731 221
9732 242
9733 239
9734 218
9735 220
9736 216
9737 246
9738 223
9739 243
9740 237
9741 245
9742 227
9743 262
9744 248
9745 218
9746 249
9747 245
9748 253
9749 222
9750 220
9751 220
9752 240
9753 248
9754 221
9755 228
9756 216
9757 242
9758 228
9759 217
9760 229
9761 226
9762 225
9763 248
9764 221
9765 246
9766 221
9767 245
9768 239
9769 223
9770 223
9771 319
9772 220
9773 245
9774 219
9775 335
9776 217
9777 226
9778 225
9779 240
9780 220
9781 278
9782 277
9783 226
9784 221
9785 247
9786 221
9787 227
9788 248
9789 216
9790 214
9791 221
9792 313
9793 243
9794 229
9795 216
9796 222
9797 312
9798 233
9799 235
9800 231
9801 216
9802 211
9803 219
9804 205
9805 218
9806 229
9807 219
9808 207
9809 235
9810 217
9811 213
9812 215
9813 217
9814 211
9815 237
9816 214
9817 234
9818 218
9819 240
9820 217
9821 246
9822 236
9823 218
9824 230
9825 237
9826 372
9827 271
9828 234
9829 322
9830 418
9831 207
9832 235
9833 263
9834 215
9835 211
9836 340
9837 314
9838 220
9839 213
9840 236
9841 215
9842 219
9843 234
9844 238
9845 216
9846 237
9847 236
9848 210
9849 236
9850 233
9851 263
9852 213
9853 233
9854 211
9855 218
9856 234
9857 215
9858 238
9859 237
9860 211
9861 236
9862 228
9863 210
9864 215
9865 509
9866 345
9867 213
9868 228
9869 237
9870 213
9871 232
9872 215
9873 229
9874 238
9875 219
9876 213
9877 218
9878 295
9879 263
9880 217
9881 209
9882 332
9883 583
9884 253
9885 232
9886 208
9887 218
9888 211
9889 442
9890 213
9891 212
9892 267
9893 261
9894 229
9895 209
9896 244
9897 218
9898 210
9899 236
9900 246
9901 214
9902 232
9903 230
9904 312
9905 234
9906 208
9907 279
9908 400
9909 211
9910 230
9911 275
9912 212
9913 301
9914 259
9915 211
9916 326
9917 215
9918 211
9919 235
9920 199
9921 249
9922 338
9923 219
9924 276
9925 212
9926 217
9927 235
9928 389
9929 292
9930 213
9931 232
9932 378
9933 382
9934 215
9935 235
9936 271
9937 237
9938 217
9939 405
9940 229
9941 212
9942 216
9943 299
9944 261
9945 209
9946 214
9947 217
9948 213
9949 235
9950 217
9951 211
9952 211
9953 308
9954 236
9955 216
9956 234
9957 212
9958 213
9959 217
9960 233
9961 208
9962 213
9963 214
9964 210
9965 214
9966 235
9967 236
9968 218
9969 213
9970 237
9971 239
9972 235
9973 210
9974 209
9975 210
9976 234
9977 233
9978 211
9979 239
9980 211
9981 217
9982 349
9983 248
9984 216
9985 231
9986 437
9987 288
9988 215
9989 260
9990 232
9991 237
9992 256
9993 341
9994 207
9995 206
9996 219
9997 237
9998 234
9999 217
